0	5.37	0	0	0	0	0	0	0	0	0	0	0	0	0	0	0	0	0	0	0	0	0
0	7.53	0	0	0	0	0	0	0	0	0	0	0	0	0	0	0	0	1	0	0	0	0
0	4.80	0	0	0	0	0	0	0	0	0	0	0	0	0	0	0	0	1	0	0	0	0
5.48	0	0	0	0	0	0	0	0	1	0	0	0	0	1	0	1	0	0	0	1	0	0
4.73	0	0	1	0	0	0	0	1	0	1	0	1	1	1	1	0	0	0	0	0	0	0
5.40	0	0	0	1	0	0	0	0	0	1	0	1	1	1	1	0	0	0	0	0	0	0
0	5.24	0	0	0	0	0	0	1	0	0	0	0	0	1	0	0	0	0	0	1	0	1
0	6.47	0	0	0	0	0	0	0	0	0	0	0	0	0	0	0	0	0	0	0	0	0
0	6.97	0	0	0	0	0	0	0	0	0	0	0	0	0	0	0	0	0	0	0	0	1
2.76	0	0	0	1	0	1	0	0	0	1	0	0	1	1	0	1	0	0	0	0	0	0
0	5.52	0	0	1	0	0	0	0	0	1	0	0	0	0	0	0	0	0	0	0	0	0
3.98	0	0	0	1	0	0	0	0	0	0	1	0	0	0	0	0	1	0	0	0	0	0
0	7.46	0	0	0	0	0	0	0	0	1	0	0	0	0	0	0	0	0	0	0	0	0
0	8.05	0	0	0	0	0	0	0	0	0	0	0	0	0	0	0	0	0	0	0	0	0
2.47	0	0	1	1	0	0	0	0	0	0	0	0	0	0	0	0	0	0	0	0	0	0
0	6.01	0	0	0	0	0	0	0	0	0	0	0	0	0	0	0	0	0	0	0	0	0
0	5.09	0	0	0	0	0	1	0	0	0	0	0	0	0	0	0	0	0	1	0	1	0
9.03	0	0	0	1	0	0	0	0	0	1	1	1	1	1	1	0	0	0	0	0	0	0
8.39	0	0	0	0	0	0	0	0	1	0	0	0	0	1	0	0	0	0	0	0	0	0
7.48	0	0	0	1	0	0	1	0	0	0	0	1	0	1	1	0	0	0	0	0	0	0
0	8.76	0	0	0	0	0	0	0	0	0	0	0	0	0	0	0	0	0	0	0	0	0
0	7.53	0	0	0	0	0	0	0	0	0	0	0	0	0	0	0	0	0	0	0	0	0
8.40	0	1	0	1	0	0	0	0	0	1	0	1	1	1	0	0	0	0	0	0	0	0
7.73	0	1	1	0	0	0	0	0	0	0	0	1	1	1	0	0	0	0	0	0	0	0
4.25	0	0	0	0	0	1	1	0	0	0	0	1	1	1	1	0	0	0	0	0	0	0
5.77	0	0	0	0	0	1	1	0	0	1	1	1	1	1	0	1	0	0	0	0	0	0
5.47	0	0	0	0	0	0	0	0	1	0	0	0	0	0	0	0	0	0	0	1	1	0
3.43	0	0	0	0	0	0	0	1	0	0	0	0	1	1	0	1	0	0	0	0	0	1
0	3.90	0	0	0	0	0	0	1	0	0	0	0	0	0	0	0	0	0	0	0	1	1
0	5.90	0	0	1	0	0	0	0	0	1	1	0	0	0	0	0	0	0	0	0	0	0
7.15	0	0	0	1	0	0	0	0	0	1	1	1	1	0	0	0	0	0	0	0	0	0
0	5.84	0	0	1	0	0	0	0	0	0	0	0	0	0	0	0	0	0	0	0	0	0
8.15	0	1	0	0	0	0	0	0	0	0	1	1	1	1	1	0	0	0	0	0	0	0
7.63	0	1	1	0	0	0	0	0	0	0	0	0	0	0	1	1	0	0	0	0	0	0
0	6.07	0	0	0	0	0	0	0	0	0	0	0	0	0	0	0	0	0	0	0	0	0
0	5.17	0	0	0	0	0	1	0	0	1	0	0	0	0	0	0	0	0	0	0	0	0
7.78	0	0	0	0	0	1	0	0	0	0	0	1	0	1	0	0	0	0	0	0	0	0
7.66	0	0	0	1	0	0	0	0	0	0	0	0	0	0	0	0	0	0	0	0	0	0
7.02	0	0	0	0	0	0	0	0	1	0	0	0	1	0	0	0	0	0	0	0	0	0
2.03	0	0	0	0	0	0	1	0	0	0	0	1	0	0	0	0	0	0	0	0	0	0
9.78	0	0	0	1	0	0	0	1	0	0	0	1	0	0	1	0	0	0	0	0	0	0
6.17	0	0	1	0	0	0	0	0	1	0	0	0	1	0	0	0	0	0	0	1	1	0
3.25	0	0	0	0	0	1	0	0	0	0	0	0	0	0	1	0	0	0	0	0	0	0
4.38	0	0	1	0	0	0	1	0	0	1	0	1	0	0	0	0	0	0	0	0	0	0
0	7.53	0	0	0	0	0	1	1	0	0	0	1	0	0	0	0	0	0	1	0	0	0
5.07	0	0	0	0	0	0	0	0	1	0	0	0	0	0	0	0	0	0	0	1	1	1
7.58	0	0	0	1	0	0	0	0	0	0	0	0	1	0	0	0	0	0	0	0	0	0
0	7.53	0	1	0	0	0	0	0	0	0	0	0	1	0	0	0	0	0	0	0	0	0
0	7.36	0	1	0	0	0	0	0	0	0	0	0	0	0	0	0	0	0	0	0	0	0
0	5.37	0	0	0	0	0	0	0	0	0	0	0	0	0	0	0	0	0	0	0	0	0
0	6.03	0	0	0	0	0	0	0	0	0	0	0	0	0	0	0	0	0	1	0	0	0
0	5.85	0	0	0	0	0	0	1	0	0	0	0	0	0	0	0	0	0	0	0	0	0
5.12	0	0	1	0	0	0	0	1	0	0	0	1	0	1	0	0	0	0	0	0	0	0
0	7.17	0	0	0	0	0	0	0	0	0	0	0	0	0	0	0	0	0	0	0	1	0
0	5.51	0	0	0	0	1	0	0	0	0	0	0	0	0	0	0	0	0	0	0	0	0
5.11	0	0	0	1	0	0	0	0	0	0	0	0	0	0	0	0	0	0	0	0	0	0
5.01	0	0	0	0	0	0	0	0	0	0	0	0	0	0	0	0	0	0	0	1	0	0
0	5.09	0	0	0	0	0	0	1	0	0	0	0	0	0	0	0	0	0	0	0	0	0
5.70	0	0	0	0	0	1	0	0	1	0	0	1	0	1	0	0	0	0	0	0	0	0
6.23	0	0	0	0	0	0	0	0	1	0	0	0	0	0	0	1	0	0	0	1	0	0
0	5.52	1	0	0	0	0	0	0	0	0	0	0	0	0	0	0	1	1	0	0	1	0
0	4.94	0	0	0	0	0	0	0	0	0	0	0	0	0	0	0	0	0	0	0	0	0
4.00	0	0	1	0	0	0	0	0	0	1	0	0	0	1	0	1	0	0	0	0	0	0
0	6.75	0	0	0	0	0	0	0	0	0	0	0	0	0	0	0	0	0	0	0	0	0
6.09	0	0	1	0	0	0	0	0	1	0	0	1	0	0	0	0	0	0	0	0	0	0
7.44	0	0	0	0	0	0	0	0	0	0	0	0	0	0	0	0	0	0	0	0	0	0
4.69	0	0	0	0	0	0	1	0	0	0	0	1	0	0	0	1	0	0	1	0	0	0
7.04	0	0	0	0	0	0	0	0	1	0	0	0	0	0	0	0	0	0	0	0	0	0
6.10	0	0	0	1	0	0	0	0	0	0	0	0	1	1	0	0	1	1	0	0	0	1
4.08	0	0	0	0	0	0	0	0	0	0	0	0	0	0	0	0	0	0	0	0	0	0
9.88	0	0	0	0	0	0	0	0	1	0	0	0	0	0	0	1	0	0	0	1	0	0
10	0	0	0	0	0	0	0	0	1	0	0	0	0	0	0	1	0	0	0	1	0	0
0	5.07	0	0	0	0	0	0	0	0	0	0	0	0	0	0	0	0	0	0	0	0	0
0	5.07	0	1	0	0	0	0	0	0	0	0	0	0	0	0	0	0	0	0	0	0	0
0	5.41	0	0	0	0	0	1	0	0	0	0	0	0	0	0	0	0	0	0	0	0	0
0	5.76	0	0	0	0	0	0	0	0	0	0	0	0	0	0	0	0	0	0	0	0	0
4.31	0	0	0	0	0	1	0	0	0	0	1	0	0	0	0	0	1	1	0	0	0	0
3.01	0	0	0	1	0	0	0	0	0	0	0	0	0	0	0	0	1	0	0	0	0	0
0	7.33	0	0	1	0	0	1	0	0	0	0	0	0	0	0	0	0	1	0	0	0	0
5.80	0	0	0	1	0	0	0	0	0	0	0	0	1	0	0	0	0	0	0	0	0	0
2.58	0	0	0	1	0	0	0	0	0	1	0	0	0	0	0	0	0	0	0	0	0	0
4.24	0	0	0	1	0	0	0	0	0	0	0	0	1	0	0	0	0	0	0	0	0	0
9.18	0	0	0	1	0	0	0	0	0	1	0	0	1	0	0	0	0	0	0	0	0	0
6.87	0	0	0	1	0	0	1	0	0	1	0	1	1	0	1	0	0	0	0	0	0	0
2.91	0	1	0	0	0	0	1	0	0	0	1	1	0	0	0	1	0	0	0	0	0	0
0	9.44	0	0	0	0	0	1	1	0	0	1	0	0	0	0	0	0	0	0	0	0	0
3.29	0	0	1	0	0	0	0	0	0	1	1	0	0	0	0	1	0	0	0	0	0	0
0	6.43	0	0	0	0	0	1	0	0	0	0	0	0	0	0	0	0	0	0	0	0	0
0	7.95	0	0	0	0	1	0	0	0	1	1	0	0	0	0	0	0	0	0	0	0	0
0	5.59	0	0	0	0	0	1	0	0	0	0	0	0	0	0	0	0	0	0	0	0	0
0	8.47	1	0	0	0	0	0	0	0	0	0	1	0	0	0	1	0	0	0	0	0	0
0	6.43	0	0	0	0	0	0	0	0	0	0	0	0	0	0	0	0	0	0	0	0	0
4.27	0	0	1	1	0	0	0	0	0	0	0	0	0	0	0	0	0	0	0	0	1	1
0	4.80	0	0	0	0	0	0	0	0	0	0	0	0	0	0	0	0	0	0	0	0	0
0	4.42	0	0	0	0	0	1	0	0	0	0	0	0	0	0	0	0	0	0	0	0	0
0	6.15	0	0	0	0	0	0	1	0	0	0	0	0	0	0	0	0	0	0	0	0	1
5.15	0	0	0	1	0	0	0	0	0	1	0	0	0	0	0	0	1	1	0	0	0	1
3.44	0	0	0	0	0	0	1	0	0	0	0	1	0	0	0	0	0	0	1	0	0	0
0	6.59	0	0	0	0	0	0	0	0	0	0	0	0	0	0	0	0	0	0	0	0	0
2.68	0	0	1	0	0	0	0	0	0	0	0	0	0	1	0	1	0	0	0	0	0	0
0	6.03	0	0	0	0	0	0	0	0	0	0	0	0	0	0	0	0	0	0	0	0	0
0	7.06	0	0	0	0	0	0	0	0	0	0	0	0	0	0	0	0	0	0	0	0	0
0	5.50	0	0	0	0	0	0	0	0	0	0	0	0	0	0	0	0	0	0	0	0	0
0	8.88	0	0	0	0	0	0	0	0	0	0	0	0	0	0	0	0	0	0	0	0	0
7.20	0	0	1	1	0	0	0	0	0	1	1	1	0	1	0	0	0	0	0	0	0	0
5.35	0	0	1	0	0	0	0	0	0	0	0	0	0	1	0	0	0	0	0	0	0	0
5.14	0	1	0	0	0	0	0	0	0	0	0	0	0	0	1	0	0	0	0	0	0	0
0	6.29	0	0	0	0	0	0	0	0	0	0	0	0	0	0	0	0	0	0	0	0	0
7.74	0	0	1	1	0	0	0	0	0	0	0	0	0	0	0	0	0	0	0	0	0	0
0	9.58	0	0	0	0	1	0	0	0	0	1	0	0	0	0	0	0	0	0	0	0	0
0	5.07	0	0	0	0	0	0	0	0	0	0	0	0	0	0	0	0	0	0	0	0	0
0	5.84	0	0	0	0	0	0	0	0	0	0	0	0	0	0	0	0	0	0	0	0	0
6.31	0	0	0	1	0	0	0	0	0	0	1	0	0	0	0	0	0	0	0	0	0	0
6.00	0	0	1	1	0	0	0	0	0	0	0	1	1	0	0	0	0	0	0	0	0	0
7.50	0	1	1	0	0	0	0	0	0	0	1	1	1	1	0	0	0	0	0	0	0	0
0	6.30	0	0	0	0	0	0	0	0	1	0	0	0	0	0	0	1	1	0	0	0	0
6.27	0	0	1	0	0	0	0	0	0	0	0	1	0	0	0	0	0	0	0	0	0	0
4.68	0	0	0	1	0	0	0	0	0	0	0	0	1	0	0	0	0	0	0	0	0	0
0	6.79	0	0	0	0	0	0	0	0	0	0	0	0	0	0	0	0	0	0	0	0	0
2.96	0	0	0	0	0	1	0	0	0	0	0	0	1	0	0	0	0	1	0	0	0	0
7.01	0	0	0	0	0	0	0	0	1	0	1	0	1	1	0	1	0	0	0	1	0	0
0	5.82	0	0	0	0	1	0	0	0	0	0	0	0	0	0	0	0	0	0	0	0	0
0	5.84	0	0	1	0	0	0	0	0	0	0	0	0	0	0	0	0	0	0	0	0	0
4.72	0	0	0	1	0	0	0	0	0	1	0	0	0	0	0	0	0	0	0	0	0	0
2.93	0	0	1	0	0	0	0	0	0	0	0	0	0	0	0	1	0	0	0	0	1	0
0	10	0	0	0	0	0	1	0	0	0	0	1	0	0	0	0	0	0	1	0	0	0
0	4.69	0	0	0	0	0	1	0	0	0	0	0	0	0	0	0	0	0	1	0	0	0
2.61	0	0	0	1	0	0	0	1	0	0	0	0	0	1	0	1	0	0	0	0	0	0
4.19	0	0	0	0	0	0	0	0	1	0	0	0	0	0	0	0	0	0	0	1	0	0
3.75	0	0	1	0	0	0	0	0	0	0	0	0	1	1	0	0	0	0	0	0	0	0
2.21	0	0	0	0	0	0	0	0	0	0	0	0	0	0	0	0	0	0	0	0	0	0
5.10	0	0	0	1	0	0	0	0	0	1	0	0	0	0	0	0	1	0	0	0	0	0
0	5.85	0	0	0	0	1	0	0	0	0	1	0	0	0	0	0	0	0	0	0	0	0
0	5.24	0	0	0	0	0	0	0	0	0	0	0	0	0	0	0	0	0	0	0	0	0
0	6.47	0	0	0	0	1	0	0	0	0	1	0	0	0	0	0	0	0	0	0	0	0
0	7.15	0	0	0	0	0	0	0	0	0	0	0	0	0	0	0	0	0	0	0	0	0
0	6.78	1	0	0	0	0	0	0	0	0	0	0	0	0	0	0	0	0	0	0	0	0
3.26	0	0	0	0	0	1	0	0	0	1	0	0	1	1	0	0	0	0	0	0	0	0
3.80	0	0	0	1	0	0	0	0	0	0	0	0	1	0	0	0	0	0	0	0	0	0
0	4.50	0	0	0	0	0	0	0	0	0	0	0	0	0	0	0	0	0	0	0	0	0
0	5.34	0	0	0	0	0	0	0	0	0	0	0	0	0	0	0	0	0	0	0	0	0
0	4.50	0	0	0	0	0	0	0	0	0	0	0	0	0	0	0	0	0	0	0	0	0
3.91	0	1	0	0	0	0	0	0	0	0	0	0	0	0	0	1	0	0	0	0	0	0
5.98	0	1	0	1	0	0	0	0	0	0	0	0	0	1	0	0	0	0	0	0	0	0
0	5.34	0	0	1	0	0	0	0	0	0	0	0	0	0	0	0	0	0	0	0	0	0
0	6.91	0	0	1	0	1	0	0	0	1	1	0	1	0	0	1	1	1	0	0	0	0
3.06	0	0	0	1	0	0	0	0	0	1	0	0	0	0	0	0	0	0	0	0	0	0
0	5.17	0	0	0	0	0	0	0	0	0	0	0	0	0	0	0	0	0	0	0	0	0
0	5.85	0	0	0	0	0	0	0	0	0	0	0	0	0	0	0	0	0	0	0	0	0
3.89	0	1	0	0	0	0	0	0	0	0	0	1	1	0	1	0	0	0	0	0	0	0
6.77	0	0	0	0	0	1	0	0	0	1	0	0	0	1	0	0	0	0	0	0	0	0
5.00	0	0	0	1	0	0	0	0	0	1	0	1	1	1	0	0	0	0	0	0	0	0
7.43	0	0	0	0	0	1	1	0	0	1	0	1	0	1	0	1	0	0	0	0	0	0
7.57	0	0	0	0	0	0	1	0	0	1	0	1	1	1	0	1	0	0	0	0	0	0
0	4.78	0	0	0	0	0	0	1	0	0	0	0	1	0	0	0	0	0	0	0	0	1
0	5.85	0	0	0	0	0	0	0	0	0	0	0	0	0	0	0	0	0	0	0	0	0
0	9.18	0	0	0	0	1	0	0	0	0	1	0	0	0	0	0	0	0	0	0	0	0
3.34	0	0	0	0	0	1	0	0	0	1	0	0	0	0	0	0	0	0	0	0	0	0
2.97	0	0	0	0	0	0	1	0	0	0	0	1	0	0	0	0	0	0	1	0	0	0
8.90	0	0	0	1	0	0	0	0	0	0	1	1	1	1	0	0	0	0	0	0	0	0
3.23	0	1	0	0	0	0	0	0	0	0	0	0	0	0	0	0	0	0	1	0	1	0
0	7.34	0	0	0	0	1	0	0	0	1	1	0	0	0	0	0	1	1	0	0	0	0
9.28	0	0	0	0	0	1	1	0	0	1	0	1	0	1	0	0	0	0	0	0	0	0
4.86	0	0	0	1	0	0	0	0	1	1	1	0	0	0	0	0	0	0	0	0	0	0
0	5.85	0	0	1	0	0	0	0	0	0	0	0	0	0	0	0	0	0	0	0	0	0
3.49	0	0	0	0	0	1	0	0	0	1	0	0	0	0	0	0	0	0	0	0	0	0
6.03	0	0	0	1	0	0	0	0	1	0	0	1	0	1	0	0	0	0	0	0	0	0
4.00	0	0	0	1	0	0	0	0	0	0	0	0	1	1	0	0	0	0	0	0	0	0
0	6.54	0	0	0	0	0	0	0	0	0	0	0	0	0	0	0	0	0	0	0	0	0
0	5.51	0	0	0	0	0	0	0	0	0	0	0	0	0	0	0	0	0	0	0	0	0
0	10	1	0	0	0	0	0	0	0	1	0	0	0	0	0	0	0	0	0	0	0	0
4.48	0	0	0	0	0	1	0	0	1	1	0	0	1	1	1	0	0	0	0	0	0	0
5.04	0	0	0	1	0	0	0	0	0	0	0	0	1	0	1	0	0	0	0	0	0	0
3.10	0	0	0	0	0	0	0	0	1	0	0	0	0	0	0	0	0	0	0	1	0	0
0	7.40	0	0	0	0	0	0	0	0	0	0	0	0	0	0	0	0	0	0	0	0	0
0	7.41	0	1	0	0	0	0	0	0	0	0	0	0	0	0	0	0	0	0	0	0	0
0	5.96	0	0	0	0	0	0	0	0	0	0	0	0	0	0	0	0	0	0	0	0	0
0	7.44	0	0	0	0	0	0	0	0	0	0	0	0	0	0	0	0	0	0	0	0	0
0	5.35	0	0	0	0	0	0	0	0	0	0	0	0	0	0	0	0	0	0	0	0	0
0	5.60	0	0	1	0	0	0	0	0	0	0	0	0	0	0	0	0	0	0	0	0	0
0	4.87	0	0	0	0	0	0	0	0	0	0	0	0	0	0	0	0	0	0	0	0	0
0	6.92	0	0	0	0	0	0	0	0	0	0	0	0	0	0	0	0	0	0	0	0	0
0	5.40	0	0	0	0	1	0	0	0	0	0	0	0	0	0	0	0	0	0	0	0	0
3.25	0	0	0	1	0	0	0	0	0	1	0	0	0	0	0	0	1	1	0	0	0	0
0	6.15	0	0	0	0	0	0	1	0	1	0	0	0	0	0	0	1	1	0	0	0	1
0	6.87	0	0	0	0	0	0	0	0	0	0	0	0	0	0	0	0	0	0	0	0	0
9.94	0	1	0	1	1	0	0	0	0	0	0	1	0	0	1	0	0	0	0	0	0	0
4.19	0	0	0	1	0	0	0	0	0	0	0	0	0	0	0	0	1	0	0	0	0	0
4.49	0	0	0	1	0	0	0	0	0	0	0	1	1	0	0	0	0	0	0	0	0	0
0	5.63	0	0	0	0	0	1	0	0	0	0	0	0	0	0	0	0	0	0	0	0	0
0	9.26	0	0	0	0	1	0	0	0	0	0	0	0	0	0	0	0	0	0	0	0	0
5.77	0	0	0	0	0	0	0	0	1	0	0	0	0	0	0	0	0	0	0	0	0	0
0	5.52	0	0	0	0	0	1	0	0	0	0	1	0	0	0	0	0	0	1	0	0	0
0	6.41	0	1	0	0	0	0	0	0	0	0	0	0	0	0	0	0	1	0	0	0	0
7.76	0	0	0	1	0	0	0	0	0	0	0	0	0	0	0	0	0	1	0	0	0	0
6.87	0	0	0	1	0	0	1	0	0	0	0	1	1	1	1	0	0	0	0	0	0	0
7.00	0	1	0	1	0	0	0	0	0	0	0	1	0	1	0	0	0	0	0	0	0	0
0	5.57	0	0	0	0	1	0	0	0	0	1	0	0	0	0	0	0	0	0	0	0	0
0	8.73	0	0	0	0	0	0	0	0	0	0	0	0	0	0	0	0	0	0	0	0	0
0	6.09	0	0	0	0	0	1	0	0	0	0	1	0	0	0	0	0	0	1	0	0	0
2.77	0	0	0	1	0	0	0	0	0	0	0	0	0	0	0	0	0	0	0	1	1	0
6.78	0	0	0	0	0	0	0	1	0	0	1	1	0	1	0	0	0	0	0	0	0	0
6.92	0	1	0	1	0	0	0	0	0	0	0	0	0	0	0	0	0	0	0	0	0	0
2.67	0	0	1	0	0	0	0	0	0	1	0	1	0	0	0	0	0	0	1	0	0	0
0	7.30	0	0	0	0	0	0	0	0	0	0	0	0	0	0	0	0	0	0	0	0	0
2.41	0	0	0	0	0	1	0	0	0	0	0	0	0	0	0	0	0	0	0	0	0	0
0	5.60	0	0	0	0	0	0	1	0	0	0	0	0	0	0	0	0	0	0	1	0	1
3.41	0	0	0	0	0	1	0	0	0	0	0	0	0	0	0	0	0	0	0	0	0	1
0	6.20	1	0	0	0	0	0	0	0	0	0	0	1	0	0	1	0	0	0	0	1	1
0	6.37	0	0	0	0	0	0	1	0	0	0	0	0	0	0	0	0	0	0	0	1	1
0	6.72	0	0	0	0	0	0	0	0	0	0	0	0	0	0	0	0	0	0	0	0	0
0	6.81	0	0	0	0	1	0	0	0	0	0	0	0	0	0	0	0	0	0	0	0	0
8.31	0	0	0	0	0	1	0	0	0	0	0	0	0	0	0	0	0	0	0	0	0	0
3.40	0	1	0	0	0	0	0	0	0	0	0	1	0	0	0	0	0	0	0	0	0	0
2.85	0	1	0	0	0	0	0	0	0	0	0	0	1	0	0	0	0	0	0	0	1	0
0	6.54	0	0	0	0	0	0	0	0	0	0	0	0	0	0	0	0	1	0	0	0	0
0	7.69	0	0	0	0	0	0	0	0	0	0	0	0	0	0	0	0	1	0	0	0	0
0	7.15	0	0	0	0	0	0	0	0	0	0	0	0	0	0	0	0	0	0	0	0	0
4.40	0	0	0	1	0	0	0	0	0	1	1	1	1	1	0	0	0	0	0	0	0	0
6.51	0	0	0	0	0	0	1	0	1	0	0	0	0	0	0	0	0	0	0	1	0	0
2.92	0	0	0	1	0	0	0	0	0	1	0	0	0	0	0	0	0	0	0	0	0	0
3.18	0	0	0	1	0	0	0	0	0	0	0	0	1	0	0	0	1	1	0	0	0	0
0	5.63	0	0	0	0	1	0	0	0	0	0	0	0	0	0	0	0	0	0	0	0	0
4.70	0	0	0	0	0	0	1	0	1	0	0	1	0	1	0	0	0	0	0	0	0	0
2.66	0	0	0	0	0	0	0	0	0	0	0	0	0	0	0	0	0	0	0	0	0	0
0	8.26	0	0	1	0	0	0	0	0	1	0	0	0	0	0	0	1	0	0	0	0	0
5.11	0	0	0	1	0	1	0	0	0	0	0	1	1	0	0	0	0	0	0	0	0	0
0	5.11	0	0	0	0	0	0	0	0	1	0	0	0	0	0	0	0	0	0	0	0	0
0	6.63	0	0	0	0	0	0	0	1	0	0	0	0	0	0	0	0	0	0	0	0	0
2.78	0	0	0	1	0	0	0	0	0	0	0	0	0	0	0	0	1	0	0	0	0	0
0	6.05	0	0	0	0	0	0	0	0	0	0	0	0	0	0	0	0	0	0	0	0	0
0	6.01	0	0	1	0	0	0	0	0	0	0	0	0	0	0	0	0	0	0	0	0	0
7.03	0	0	0	1	0	0	0	0	0	0	0	0	0	0	0	0	1	0	0	0	0	0
0	5.89	0	0	0	0	0	0	0	0	0	0	0	0	0	0	0	0	0	0	0	0	0
0	7.84	0	0	1	0	0	0	0	0	1	1	0	1	0	0	0	0	0	0	0	0	1
5.42	0	0	0	1	0	0	0	0	0	0	0	0	0	1	0	0	0	0	0	0	0	0
7.84	0	0	1	1	0	0	0	0	0	0	0	0	1	0	0	0	0	0	0	0	0	0
0	10	1	1	0	0	0	0	0	0	0	0	0	0	0	0	0	0	0	0	0	0	0
5.34	0	0	0	1	0	0	0	0	1	0	0	0	0	0	0	0	0	0	0	0	0	0
0	5.59	0	0	0	0	1	0	0	0	0	0	0	0	0	0	0	0	0	0	0	0	0
2.81	0	0	0	1	0	0	0	0	0	0	0	0	0	0	0	0	1	0	0	0	0	0
0	5.07	0	0	0	0	0	0	1	0	0	1	0	1	0	0	0	0	0	0	0	0	0
0	5.21	0	0	0	0	0	1	0	0	0	0	0	0	0	0	0	0	0	0	0	0	0
8.66	0	0	0	0	0	0	0	0	1	0	0	0	1	0	0	0	0	0	0	1	1	1
6.56	0	0	0	1	0	0	0	0	0	1	1	0	0	0	0	1	0	0	0	0	0	0
7.04	0	0	0	0	0	0	0	0	1	0	0	0	0	1	0	0	0	0	0	1	0	0
0	7.95	0	0	0	0	0	0	0	0	0	0	0	0	0	0	0	0	0	0	0	0	0
7.23	0	0	0	1	0	1	0	0	0	0	0	1	0	0	1	0	0	0	0	0	0	0
7.50	0	0	0	0	0	0	0	0	1	0	0	0	1	0	0	0	0	0	0	0	0	0
6.16	0	0	0	0	1	0	0	0	0	0	0	0	1	0	0	0	0	0	0	0	0	0
0	5.74	0	0	0	0	0	1	0	0	0	0	1	0	0	0	0	0	0	0	0	0	0
7.50	0	0	0	0	0	0	0	0	1	0	0	1	1	1	1	0	0	0	0	1	1	1
5.23	0	0	1	0	0	0	1	0	0	0	0	1	0	0	0	1	0	0	1	0	0	0
4.04	0	0	0	0	0	1	0	0	0	0	0	0	0	0	0	0	0	0	0	0	0	0
3.10	0	0	0	0	0	0	1	0	0	0	0	1	0	0	0	1	0	0	1	0	1	0
3.75	0	0	0	1	0	0	1	0	0	0	0	1	1	1	1	0	0	0	0	0	0	0
0	7.16	0	0	0	0	0	0	0	0	0	0	0	0	0	0	0	0	0	0	0	0	0
3.15	0	0	0	0	0	1	0	1	0	1	1	0	1	0	0	0	0	0	0	0	0	0
3.60	0	0	0	0	0	1	0	0	0	0	0	0	0	0	0	0	0	0	0	0	0	0
7.39	0	0	0	0	0	0	0	0	1	0	0	0	0	1	0	1	0	0	0	1	0	0
3.72	0	0	1	0	0	0	0	0	0	1	0	0	0	1	0	0	1	0	0	0	0	0
0	6.81	0	0	0	0	0	0	0	1	0	0	0	1	0	0	0	0	0	0	0	0	0
0	8.59	0	0	0	0	0	0	0	0	0	0	0	0	0	0	0	0	0	0	0	0	0
8.17	0	0	1	1	0	0	0	0	0	0	0	1	1	0	1	1	0	0	0	0	0	0
0	7.03	0	0	0	0	0	0	1	0	0	0	0	1	0	0	0	0	0	0	0	0	1
2.74	0	0	0	0	0	1	0	0	1	0	0	0	1	0	0	0	0	0	0	0	0	0
0	6.44	0	0	0	0	0	0	0	0	0	0	0	0	0	0	0	0	0	0	0	0	0
0	7.17	0	0	0	0	0	0	0	0	0	0	0	0	0	0	0	0	0	0	0	0	0
3.67	0	0	0	1	0	0	0	0	0	0	0	0	0	0	0	0	1	0	0	0	0	0
4.27	0	0	0	0	0	0	0	1	1	1	0	0	0	0	0	0	0	0	0	0	0	1
4.03	0	0	0	0	0	0	0	0	0	0	0	0	0	0	0	0	1	1	0	0	0	0
4.78	0	0	0	0	0	0	0	0	1	0	0	0	0	1	0	0	0	0	0	1	0	0
4.22	0	0	0	1	0	0	0	0	0	0	1	1	1	1	0	0	0	0	0	0	0	0
8.33	0	0	0	1	0	0	0	0	0	0	1	1	0	1	1	0	0	0	0	0	0	0
4.27	0	0	0	1	0	0	0	0	0	1	0	0	0	0	0	0	0	0	0	0	0	0
2.77	0	0	0	0	0	0	1	0	0	0	0	1	1	1	0	0	0	0	0	0	0	0
3.93	0	0	0	0	0	1	0	0	0	1	1	0	0	0	0	1	1	1	0	0	1	0
0	10	0	0	0	0	0	0	1	0	0	0	0	0	0	0	0	0	0	0	0	0	0
0	5.96	0	0	0	0	0	0	0	0	0	0	0	0	0	0	0	0	0	0	1	0	0
0	4.50	0	0	0	0	0	0	0	0	0	0	0	0	0	0	0	0	0	0	0	0	0
0	5.72	0	0	0	0	0	0	0	0	0	0	0	1	0	0	0	0	0	0	0	0	0
6.49	0	0	0	0	0	1	0	0	0	0	0	0	0	1	0	0	0	0	0	0	0	0
5.15	0	0	0	1	0	1	0	0	0	1	0	0	1	0	0	0	1	1	0	0	0	0
3.54	0	0	0	0	0	0	1	0	0	0	0	1	0	0	1	0	0	0	1	0	1	0
0	8.14	0	0	1	0	0	0	0	0	0	0	0	0	0	0	0	0	0	0	0	0	0
3.97	0	0	0	1	0	0	0	0	0	0	1	1	1	1	0	0	0	0	0	0	0	0
3.25	0	0	0	0	1	0	1	0	0	0	0	1	0	0	0	0	1	0	1	0	0	0
0	6.17	0	0	0	0	0	0	0	0	0	0	0	0	0	0	0	0	0	0	0	0	0
7.91	0	0	0	0	0	0	0	0	1	0	0	0	0	1	0	1	0	0	0	1	0	0
7.02	0	0	0	1	0	0	0	0	0	1	0	1	0	0	0	0	0	0	0	0	0	0
3.97	0	0	0	1	0	0	0	0	0	1	0	0	0	0	0	0	1	0	0	0	0	0
4.12	0	0	0	1	0	0	0	0	0	1	1	0	0	0	0	0	1	1	0	0	0	1
0	6.45	0	0	0	0	0	0	0	0	0	0	0	0	0	0	0	0	0	0	0	0	0
4.32	0	0	0	1	0	0	0	1	0	1	1	0	0	0	0	0	0	0	0	0	0	0
3.19	0	0	0	0	0	0	1	0	0	1	0	0	0	0	0	0	0	0	1	0	0	0
0	7.06	0	0	0	0	0	0	0	0	0	0	0	0	0	0	0	0	0	0	0	0	0
0	5.59	0	1	0	0	0	0	0	0	0	0	0	0	0	0	0	0	0	0	0	0	0
0	6.47	0	0	1	0	0	0	0	0	1	1	0	0	0	0	0	0	0	0	0	0	0
3.65	0	0	1	0	0	1	0	0	0	1	0	0	0	0	0	1	1	1	0	0	1	0
3.59	0	0	0	0	0	1	0	0	0	0	1	0	0	0	0	0	1	0	0	0	0	0
6.44	0	0	0	0	0	1	0	1	0	1	0	0	1	1	0	0	0	0	0	0	0	0
6.04	0	0	0	1	0	0	0	0	0	1	1	0	1	1	0	0	0	0	0	0	0	0
9.31	0	0	0	0	0	0	0	0	1	0	0	1	0	0	1	0	0	0	0	0	0	0
10	0	0	0	1	0	0	0	0	1	0	0	0	0	0	1	0	0	0	0	0	0	0
8.51	0	0	0	1	0	1	0	0	0	1	0	0	1	0	0	0	0	0	0	0	0	0
0	5.85	0	0	0	0	0	0	0	0	0	0	0	0	0	0	0	0	0	0	0	0	0
6.39	0	0	0	1	0	0	0	0	0	0	1	0	1	1	0	1	0	0	0	0	0	0
5.52	0	0	0	0	0	0	0	1	0	0	0	1	1	1	1	0	0	0	0	0	0	0
8.27	0	0	0	1	0	0	0	0	0	1	0	1	1	1	0	0	0	0	0	0	0	0
0	4.73	0	0	0	0	0	0	0	0	0	0	0	0	0	0	0	0	0	0	0	0	0
0	5.59	0	0	0	0	1	0	0	0	0	1	0	0	0	0	0	0	0	0	0	0	0
0	6.13	0	0	0	1	0	0	0	0	0	0	1	0	0	0	0	0	0	1	0	0	0
0	5.92	0	0	0	0	0	0	0	0	0	0	0	0	0	0	0	0	0	0	0	0	0
8.39	0	0	0	0	0	0	0	0	1	0	0	0	0	1	0	0	0	0	0	0	0	0
0	5.34	0	0	1	0	0	0	0	0	1	1	0	0	0	0	0	1	1	0	0	0	0
0	7.23	0	0	1	0	0	0	0	0	0	0	0	0	0	0	0	0	0	0	0	0	0
6.22	0	0	1	1	0	0	0	0	0	0	1	0	1	1	0	0	0	0	0	0	0	0
0	8.20	0	0	0	1	0	0	0	0	0	0	0	0	0	0	0	0	0	0	0	0	0
3.14	0	1	0	0	0	0	0	0	0	0	0	0	0	0	0	0	0	0	0	1	1	1
0	5.44	0	0	0	0	0	1	0	0	0	0	1	0	0	0	0	0	0	1	0	0	0
0	6.43	0	1	0	0	0	0	0	0	0	0	0	0	0	0	0	0	0	0	0	0	0
6.27	0	0	1	0	0	0	1	0	0	0	0	1	1	0	0	0	0	0	1	0	0	0
10	0	0	0	1	0	1	0	0	0	1	1	1	0	1	0	0	0	0	0	0	0	0
0	5.96	0	0	0	0	1	0	1	0	1	1	0	1	0	0	0	0	0	0	0	0	0
0	6.14	0	0	0	0	0	0	0	0	0	0	0	0	0	0	0	0	0	0	0	0	0
0	6.47	0	0	0	0	0	1	0	0	0	0	0	0	0	0	0	0	0	0	0	0	0
0	4.80	0	0	0	0	1	0	0	0	0	1	0	0	0	0	0	0	0	1	0	0	0
0	4.86	0	0	0	0	0	1	0	0	0	0	1	0	0	0	1	0	0	1	0	0	0
0	8.28	0	0	0	0	0	1	0	0	0	0	1	0	0	0	1	0	0	1	0	0	0
4.07	0	0	0	0	0	0	1	0	0	0	0	1	0	0	0	0	0	0	1	0	0	0
3.12	0	1	0	0	0	0	0	0	0	1	0	1	0	0	0	0	0	0	0	0	0	0
7.06	0	0	0	0	0	0	0	0	1	1	1	0	0	1	0	1	0	0	0	1	0	1
0	5.37	0	0	0	0	0	0	0	0	0	0	0	0	0	0	0	0	1	0	0	0	0
0	5.94	0	0	0	0	0	0	0	0	0	0	0	0	0	0	0	0	0	0	0	0	0
0	7.82	0	0	0	0	0	0	0	0	0	0	0	0	0	0	0	0	0	0	0	0	0
0	8.71	0	0	0	0	0	0	0	0	0	0	0	0	0	0	0	0	0	0	0	0	0
0	8.59	0	0	0	0	0	0	0	0	0	0	0	0	0	0	0	0	0	0	0	0	0
0	8.59	0	0	0	0	0	0	0	0	0	0	0	0	0	0	0	0	0	0	0	0	0
0	6.15	0	1	0	0	0	0	0	0	0	0	0	0	0	0	0	0	0	0	0	0	0
0	7.23	0	0	0	0	0	0	0	0	0	0	0	0	0	0	0	0	0	0	0	0	0
0	5.85	0	1	0	0	0	0	0	0	0	0	0	0	0	0	0	0	0	0	0	0	0
0	4.80	0	1	0	0	0	0	0	0	0	0	0	0	0	0	0	0	0	0	0	0	0
3.03	0	0	0	0	0	0	0	0	1	0	0	0	0	1	0	1	0	0	0	1	1	0
6.05	0	0	0	1	0	0	0	0	0	1	0	0	0	0	0	0	0	0	0	0	0	0
4.13	0	0	0	1	0	0	0	0	0	1	0	0	0	0	0	0	1	1	0	0	0	0
7.79	0	0	1	0	0	0	0	0	0	0	0	0	0	1	0	0	0	0	0	0	0	0
0	6.37	0	0	0	0	0	1	0	0	0	0	0	0	0	0	0	0	0	0	0	0	0
0	6.47	0	0	0	0	0	0	0	0	0	0	0	0	0	0	0	0	0	0	0	0	0
2.90	0	0	0	0	0	0	0	0	1	0	0	0	0	1	0	1	0	0	0	1	0	1
0	7.62	1	0	0	0	0	0	0	0	0	0	0	1	0	0	1	0	0	0	0	1	0
0	5.89	0	0	0	1	0	0	0	0	0	0	1	0	0	0	0	0	0	1	0	0	0
0	5.76	0	0	0	0	0	0	0	0	0	0	1	0	0	0	0	0	0	0	0	0	0
5.12	0	0	0	1	0	0	0	0	0	1	0	0	0	0	0	0	1	1	0	0	0	0
3.28	0	0	0	0	0	0	0	0	0	0	0	0	0	0	0	0	0	0	1	1	1	1
7.68	0	0	0	0	0	0	0	1	1	0	0	0	1	1	0	1	0	0	0	1	0	1
3.17	0	0	0	0	1	0	0	0	0	0	0	1	0	0	0	0	0	0	1	1	0	0
0	5.35	0	0	1	0	0	0	0	0	1	0	0	0	0	0	0	0	0	0	0	0	0
6.98	0	0	0	0	1	0	0	0	1	0	0	1	1	1	1	0	0	0	0	0	0	0
4.97	0	0	0	1	0	0	0	0	0	1	0	0	0	0	0	0	0	0	0	0	0	0
3.47	0	0	0	0	1	0	0	0	0	0	0	0	0	0	0	0	0	0	0	0	0	0
0	6.14	0	0	0	0	0	0	0	0	0	0	0	0	0	0	0	0	0	0	0	0	0
5.71	0	0	0	0	0	1	0	0	0	1	0	0	1	1	0	0	0	0	0	0	0	0
2.11	0	0	0	1	0	0	0	0	0	1	0	0	0	0	0	0	0	0	0	0	0	0
4.41	0	0	0	1	0	0	0	0	0	1	0	0	0	0	0	0	1	1	1	0	0	0
0	5.41	0	0	0	1	0	0	0	0	0	0	0	0	0	0	0	0	0	0	0	0	0
0	5.10	0	0	0	0	0	0	0	0	0	0	0	0	0	0	0	0	0	0	0	0	0
0	8.15	0	0	0	0	0	0	0	0	0	0	0	0	0	0	0	0	0	0	0	0	0
0	6.97	0	0	0	0	0	0	0	0	0	0	0	0	0	0	0	0	0	0	0	0	0
0	7.04	0	0	0	0	0	1	0	0	0	0	0	0	0	0	0	0	0	0	0	0	0
0	6.15	0	0	0	0	0	0	0	0	0	0	0	0	0	0	0	0	0	0	0	0	0
2.66	0	0	0	0	0	1	0	0	0	1	0	0	1	1	0	0	0	0	0	0	0	0
0	9.69	0	1	0	0	0	0	0	0	0	0	0	1	1	0	0	0	0	0	1	1	0
2.89	0	1	0	1	0	0	0	0	0	1	0	0	0	0	0	1	1	0	0	0	1	0
9.45	0	0	0	0	0	0	1	0	0	0	0	1	1	0	1	0	0	0	0	0	0	0
3.96	0	0	1	1	0	0	0	0	0	0	0	0	0	1	0	0	0	0	0	0	0	0
3.81	0	0	0	0	0	0	0	1	0	0	1	0	1	0	0	1	0	0	0	0	0	1
2.55	0	1	0	0	0	0	0	0	0	0	0	0	0	0	0	1	0	0	0	0	1	1
5.04	0	1	0	0	0	0	0	0	0	0	0	1	0	0	0	0	0	0	1	0	1	0
5.31	0	0	0	0	0	0	0	0	1	0	0	0	0	1	0	1	0	0	0	1	0	0
3.48	0	0	1	0	0	0	0	0	0	0	0	0	0	0	0	0	0	0	0	0	0	0
3.03	0	0	1	0	0	0	0	0	0	0	0	1	0	0	0	0	0	0	1	0	0	0
7.11	0	0	0	1	0	0	0	0	0	1	0	0	1	0	0	0	1	0	0	0	0	0
4.46	0	0	1	0	0	0	0	0	0	0	0	0	0	0	0	0	0	0	0	1	0	1
0	6.06	0	0	0	0	0	0	0	0	0	0	0	0	0	0	0	0	1	0	0	0	0
0	4.15	0	0	0	0	0	0	0	0	0	0	0	0	0	0	0	0	0	0	0	0	0
0	5.85	0	0	0	0	0	0	0	0	1	0	0	0	0	0	0	0	1	0	0	0	0
3.51	0	0	1	0	0	0	1	0	0	0	0	1	1	0	0	0	0	0	0	0	0	0
9.10	0	0	0	1	0	0	0	0	0	0	0	1	1	1	0	1	0	0	0	0	0	0
0	6.47	0	0	0	1	0	1	0	0	0	0	1	0	0	0	0	0	0	1	0	0	0
0	6.27	0	0	1	0	0	0	0	0	0	0	0	0	0	0	0	0	0	0	0	0	0
3.17	0	0	0	1	0	0	0	0	0	0	0	0	1	0	0	1	0	0	0	0	0	0
6.86	0	0	0	0	0	0	0	0	1	0	0	0	0	0	0	0	0	0	0	0	0	0
0	7.10	0	0	0	0	0	0	0	0	0	0	0	0	0	0	0	0	0	1	0	0	0
3.99	0	0	0	0	0	1	0	0	0	1	1	1	0	0	0	0	1	0	1	0	0	0
2.73	0	0	0	0	0	1	0	0	0	0	0	0	0	0	0	0	0	0	0	0	0	0
0	7.78	0	0	0	0	0	0	1	0	0	0	0	1	0	0	0	0	0	0	0	0	0
7.51	0	0	0	1	0	0	0	0	0	0	0	1	0	0	0	0	0	0	0	0	0	0
0	5.16	0	0	1	0	0	0	0	0	1	0	0	0	0	0	0	0	0	0	0	0	0
0	6.84	0	0	0	0	0	1	0	0	0	0	1	0	0	1	0	0	0	1	0	0	0
0	5.76	0	0	1	0	0	0	0	0	1	0	0	0	0	0	0	0	1	0	0	0	0
0	6.80	0	1	0	0	0	0	0	0	0	0	0	0	0	0	0	0	0	0	0	0	0
4.95	0	0	0	0	0	1	0	0	0	0	0	0	0	0	0	0	0	0	0	0	0	0
7.62	0	0	0	0	0	0	0	1	0	0	0	0	0	0	0	0	0	0	0	0	0	0
0	7.53	0	0	0	0	0	0	1	0	0	0	0	0	0	0	0	0	0	0	0	0	0
0	6.30	0	0	0	0	0	0	0	0	0	0	0	0	0	0	0	0	0	0	1	0	0
7.10	0	0	1	0	0	0	0	0	0	0	0	0	0	0	0	0	0	0	0	0	0	0
4.95	0	1	1	0	0	0	0	0	0	0	0	1	0	0	0	0	0	0	0	0	0	0
4.43	0	0	0	0	0	0	0	0	1	0	0	0	0	0	0	1	0	0	0	1	0	0
3.92	0	0	0	0	0	0	0	0	0	0	0	0	0	0	0	0	0	0	0	0	0	0
3.79	0	0	0	1	0	0	0	0	0	1	1	0	1	0	0	0	1	1	0	0	0	1
3.59	0	0	0	1	0	0	0	0	0	0	0	0	1	1	0	1	0	0	0	0	0	0
0	4.88	0	0	0	0	0	0	1	0	0	0	0	0	0	0	0	0	0	0	0	0	0
0	5.37	0	1	0	0	0	0	0	0	0	0	0	0	0	0	0	0	0	0	0	0	0
5.77	0	0	0	1	0	0	0	0	0	1	0	0	1	0	0	0	0	0	0	0	0	0
5.84	0	0	0	0	0	1	0	0	1	1	0	1	1	1	0	0	0	0	0	0	0	0
6.39	0	0	0	0	0	1	1	0	0	1	1	1	1	1	0	1	0	0	0	0	0	0
3.43	0	0	0	0	0	0	0	0	1	0	0	0	1	1	0	1	0	0	0	0	0	0
0	6.76	0	0	0	0	0	0	0	0	0	0	0	0	0	0	0	0	1	0	0	0	0
3.96	0	0	0	0	0	0	0	0	1	0	0	0	0	1	0	0	0	0	0	1	0	1
0	5.84	0	0	0	0	0	0	0	0	0	1	0	0	0	0	0	0	0	0	0	0	0
3.51	0	0	0	1	0	0	0	0	0	1	0	0	0	0	0	0	0	0	0	0	0	0
4.96	0	0	0	0	0	0	0	0	1	0	0	0	0	0	0	0	0	0	0	0	0	0
0	6.81	0	0	0	0	0	0	0	0	0	0	0	0	0	0	0	0	0	0	0	0	0
0	7.84	0	0	0	0	0	0	1	0	0	0	0	0	0	0	0	0	0	0	0	0	0
0	6.16	0	0	0	0	0	0	0	0	0	0	0	0	0	0	0	0	0	0	0	0	0
3.14	0	0	0	1	0	0	0	0	0	0	0	0	0	1	0	0	0	0	0	0	0	0
6.79	0	0	1	0	0	0	0	0	0	1	0	1	1	1	1	1	0	0	0	0	0	0
0	6.90	0	0	0	0	0	0	0	0	0	0	0	0	0	0	0	0	0	0	0	0	0
3.13	0	0	0	0	0	0	1	0	0	1	1	1	0	0	0	0	0	0	0	0	0	0
0	5.34	0	0	0	0	0	0	0	1	0	0	0	0	0	0	0	0	0	0	0	0	0
4.12	0	0	0	1	0	0	0	0	0	1	0	0	0	0	0	0	0	0	0	0	0	0
9.39	0	0	1	0	0	0	0	0	0	1	1	1	1	1	1	0	0	0	0	0	0	0
0	7.62	0	0	1	0	0	0	0	0	1	1	0	1	0	0	0	0	0	0	0	0	1
0	6.82	0	0	0	0	0	1	0	0	0	0	1	0	0	0	0	0	0	1	0	0	0
3.28	0	0	0	1	0	0	0	0	0	1	1	1	0	1	0	0	0	0	0	0	0	0
0	4.42	0	0	0	0	0	0	0	0	0	0	0	0	0	0	0	0	1	0	0	0	0
4.62	0	0	0	1	0	0	0	0	0	1	0	0	0	1	0	0	0	0	0	0	0	0
0	7.10	0	0	0	0	0	0	0	0	0	0	0	0	0	0	0	0	0	0	0	0	0
5.15	0	0	0	0	0	0	0	0	0	0	0	0	0	0	0	0	0	0	0	0	0	0
4.77	0	0	0	1	0	0	0	0	0	0	0	0	0	0	0	0	0	0	0	0	0	0
6.71	0	1	0	1	0	0	0	0	0	1	0	0	0	0	0	1	1	0	0	0	0	0
4.89	0	0	0	1	0	0	0	0	0	0	0	1	1	1	1	0	0	0	0	0	0	0
3.43	0	0	0	1	0	0	0	0	0	1	0	0	0	0	0	0	0	0	0	0	0	0
4.43	0	0	0	1	0	0	0	0	0	1	0	0	0	0	0	0	1	0	0	0	0	0
3.89	0	0	0	0	0	1	0	0	0	0	0	0	0	0	0	0	1	0	0	0	0	0
4.59	0	0	1	1	0	0	0	0	0	1	1	1	0	0	0	0	1	0	1	0	0	0
6.43	0	0	0	1	0	0	0	0	0	1	1	1	1	1	0	0	0	0	0	0	0	0
0	5.76	0	0	0	0	0	0	0	0	0	0	0	0	0	0	0	0	0	0	0	0	0
3.48	0	0	1	0	0	0	0	0	0	0	0	0	0	0	0	0	0	0	0	0	0	0
4.36	0	1	0	1	0	0	0	0	0	1	1	0	0	0	0	1	0	0	0	0	0	0
5.00	0	1	0	0	0	0	0	0	1	0	0	0	1	1	0	0	0	0	0	0	0	0
5.68	0	0	0	1	0	1	0	0	0	0	0	0	0	1	0	0	0	0	0	0	0	0
2.52	0	0	0	1	0	1	0	0	0	1	0	0	0	0	0	0	1	0	0	0	0	0
5.37	0	0	0	1	0	0	0	0	0	1	0	0	0	1	1	0	0	0	0	0	0	0
7.94	0	0	0	0	0	1	0	0	0	0	0	1	1	0	0	0	0	0	0	0	0	0
8.65	0	0	0	0	0	0	1	1	0	0	0	0	1	1	0	0	0	0	0	1	1	1
0	6.62	0	0	0	0	0	0	0	0	0	0	0	0	1	0	0	0	0	0	0	0	0
0	5.41	0	0	0	0	0	0	0	0	0	0	0	0	0	0	0	0	0	0	0	0	0
0	4.59	0	0	0	0	0	0	0	0	0	0	0	0	0	0	0	0	0	0	0	0	0
3.19	0	0	1	0	0	0	0	1	0	0	0	0	1	0	0	0	0	0	0	0	0	0
6.01	0	0	0	0	0	0	0	0	1	0	0	0	0	1	0	1	0	0	0	1	0	0
0	6.64	0	0	1	0	0	0	0	0	0	0	0	0	0	0	0	0	1	0	0	0	0
6.80	0	0	0	0	0	1	0	0	1	0	0	0	1	1	0	0	0	0	0	0	0	0
4.98	0	1	0	0	0	0	0	0	1	1	0	0	0	0	0	0	0	0	0	0	1	0
0	6.90	0	0	0	0	0	0	0	0	0	0	0	0	0	0	0	0	0	0	0	0	0
0	9.44	0	0	0	0	0	0	0	0	0	0	0	0	0	0	0	0	0	0	0	0	0
5.57	0	0	0	1	0	0	0	0	0	0	1	0	0	1	0	0	0	0	0	0	0	0
3.13	0	0	0	1	0	0	1	0	0	1	1	0	1	0	0	0	0	0	0	0	0	0
0	4.67	0	0	0	0	0	1	0	0	0	0	1	0	0	0	0	0	0	1	0	0	0
0	5.66	0	0	0	0	0	0	0	0	0	0	0	0	0	0	0	0	0	0	0	0	0
3.65	0	0	0	1	0	0	0	0	0	1	0	0	0	0	0	1	1	0	0	0	1	0
0	7.18	0	0	0	0	0	0	0	0	0	0	0	0	0	0	0	0	0	0	0	0	0
7.80	0	0	0	0	0	0	0	0	1	0	0	0	0	0	0	0	0	0	0	1	1	1
5.73	0	0	0	1	0	0	0	1	1	0	0	0	0	1	0	1	0	0	0	1	0	1
7.88	0	0	1	0	0	1	0	0	0	0	0	1	1	1	0	0	0	0	0	0	0	0
7.62	0	0	1	0	0	0	1	0	0	0	0	0	0	0	1	0	0	1	0	0	0	0
9.26	0	0	0	0	0	1	0	0	1	0	0	0	0	0	0	0	0	0	0	0	0	0
3.75	0	0	0	0	0	0	1	0	0	1	0	0	0	0	0	0	1	0	0	0	0	0
0	5.49	0	0	0	0	0	0	0	0	0	0	0	0	0	0	0	0	0	0	0	0	0
0	5.34	0	0	0	0	0	0	1	0	0	0	0	1	0	0	0	0	0	0	1	1	1
0	5.96	0	0	1	0	0	0	0	0	1	0	0	0	0	0	0	0	0	0	0	0	0
0	5.63	0	0	0	0	0	1	0	0	0	0	0	0	0	0	0	0	0	1	0	0	0
4.15	0	0	0	1	0	0	1	0	0	0	0	1	0	0	0	0	0	0	0	0	0	0
3.60	0	0	0	1	0	0	0	0	0	1	0	0	1	0	1	0	0	0	0	0	0	0
0	6.20	0	0	0	0	0	0	0	0	0	0	0	0	0	0	0	0	0	0	0	0	0
0	5.47	0	0	0	0	1	0	0	0	0	0	0	0	0	0	0	0	0	0	1	0	0
6.14	0	0	1	0	0	0	0	0	0	0	0	1	0	0	0	0	0	0	0	0	0	0
4.27	0	0	0	1	0	0	0	0	0	0	0	0	0	0	1	0	0	0	0	0	0	0
0	5.19	0	0	0	0	0	0	0	0	0	0	0	0	0	0	0	0	0	0	0	0	0
0	4.99	0	0	0	0	1	0	0	0	0	0	0	0	0	0	0	0	0	0	0	0	0
0	8.59	0	0	0	0	1	0	0	0	0	0	0	0	0	0	0	0	0	0	0	0	0
0	7.44	0	0	0	0	0	0	0	0	0	0	0	0	0	0	0	0	0	0	0	0	0
0	9.74	0	0	0	0	0	0	0	0	0	0	0	0	0	0	0	0	0	0	0	0	0
0	9.36	0	0	0	0	0	0	0	0	0	0	0	0	0	0	0	0	0	0	0	0	0
0	7.80	0	0	0	0	0	0	0	0	0	0	0	0	0	0	0	0	0	0	0	0	0
7.48	0	1	0	0	0	0	0	0	0	0	0	0	1	0	0	0	0	0	0	0	0	0
0	7.29	0	0	1	0	0	0	0	0	1	0	0	0	0	0	0	0	0	0	0	0	0
8.74	0	0	0	1	0	1	0	0	0	1	1	0	0	1	0	0	0	0	0	0	0	0
3.49	0	0	0	0	0	1	0	0	0	0	0	0	1	1	0	0	0	0	0	0	0	0
0	5.19	0	0	1	0	0	0	0	0	0	0	0	0	0	0	0	0	0	0	0	0	0
0	6.87	0	1	0	0	0	0	0	0	1	0	0	0	0	0	0	0	0	0	0	0	0
3.27	0	0	0	0	0	0	0	1	0	1	1	0	1	0	0	0	0	0	0	0	0	1
2.97	0	0	0	0	0	0	1	0	0	0	0	1	0	0	1	0	0	0	1	0	0	0
6.70	0	0	1	0	0	0	0	0	0	0	0	0	1	1	0	0	0	0	0	1	1	1
0	3.97	0	0	0	0	1	0	0	0	1	0	0	0	1	0	0	0	0	0	0	0	0
4.64	0	0	0	0	0	1	0	0	0	1	0	1	0	0	0	0	0	0	0	0	0	0
2.86	0	0	0	1	0	0	0	0	0	1	0	0	0	0	0	1	1	1	0	0	0	0
0	4.88	0	0	1	0	0	0	0	0	1	0	0	0	0	0	0	1	0	0	0	0	0
3.32	0	0	1	0	0	0	0	0	0	0	0	0	0	1	1	1	0	0	0	0	0	0
0	6.43	0	0	0	0	1	0	0	1	0	0	0	0	0	0	0	0	0	0	0	0	0
3.60	0	0	0	1	0	0	0	0	0	0	0	0	0	0	0	0	1	1	0	0	0	0
5.04	0	0	0	0	1	1	0	0	0	0	0	0	0	0	0	0	0	0	0	0	0	0
6.93	0	0	0	0	0	0	0	0	1	1	0	1	0	0	0	1	0	0	0	1	0	0
0	6.14	0	0	0	0	0	0	0	0	0	0	0	0	0	0	0	1	1	0	0	0	0
3.02	0	0	0	0	0	0	0	0	1	0	0	0	0	0	0	0	0	0	0	0	0	0
7.82	0	1	0	1	0	0	0	0	0	0	0	1	1	1	0	0	0	0	0	0	0	0
0	6.87	0	0	0	0	0	0	1	0	0	0	0	0	0	0	0	0	0	0	0	0	0
0	5.09	0	0	0	0	0	0	0	0	0	0	0	0	0	0	0	0	0	0	0	0	0
3.14	0	0	0	1	0	0	0	0	0	1	0	0	0	0	0	0	1	0	0	0	0	0
3.44	0	0	0	0	0	0	0	0	1	0	0	0	1	0	0	0	0	0	0	1	0	1
6.22	0	0	0	0	0	0	1	1	0	0	1	1	1	1	1	0	0	0	0	0	0	0
2.43	0	0	0	1	0	0	0	0	0	1	0	0	0	0	0	0	1	1	0	0	0	0
0	6.05	0	0	0	0	0	0	0	1	0	0	0	0	0	0	0	0	0	0	0	0	0
4.53	0	0	0	1	0	0	0	0	0	1	1	0	1	1	0	0	0	0	0	0	0	0
0	6.03	0	0	0	0	0	0	0	0	0	0	0	0	0	0	0	0	0	0	0	0	0
0	6.41	0	0	0	0	0	0	0	0	0	0	0	0	0	0	0	0	0	0	0	0	0
0	7.58	0	0	0	0	0	0	0	0	0	0	0	0	0	0	0	0	0	0	0	0	0
0	6.37	0	0	0	0	0	1	0	0	0	0	1	0	0	0	0	0	0	1	0	0	0
9.36	0	0	0	1	0	0	0	0	0	1	0	1	1	1	1	0	0	0	0	0	0	0
9.18	0	0	0	0	0	0	0	0	1	0	0	0	0	1	0	1	0	0	0	1	0	0
4.79	0	0	0	0	0	0	0	0	1	0	0	0	0	0	0	0	0	0	0	1	0	0
3.19	0	0	1	0	0	0	0	0	0	0	0	0	0	0	0	0	0	0	0	0	0	0
0	7.23	0	0	0	0	1	0	0	0	0	1	0	0	0	0	0	0	1	0	0	0	0
9.79	0	0	0	0	0	0	0	0	1	0	0	0	0	1	0	1	0	0	0	1	0	0
0	8.14	0	0	0	0	1	0	0	0	0	1	1	0	0	0	0	0	0	0	0	0	0
5.18	0	0	0	1	0	0	0	0	0	0	0	0	0	0	0	0	0	0	0	0	0	0
8.14	0	0	0	0	0	0	0	0	1	0	0	0	0	1	0	1	0	0	0	1	0	0
0	7.22	0	0	1	0	0	0	0	0	1	0	0	0	0	0	0	1	0	0	0	0	0
0	5.19	0	0	0	0	0	0	0	0	0	0	0	0	0	0	0	0	0	0	0	0	0
0	4.62	0	0	0	0	1	0	0	0	0	0	0	0	0	0	0	0	0	0	0	0	0
0	6.01	0	0	0	0	0	0	0	0	0	0	0	0	0	0	0	0	0	0	0	0	0
5.29	0	0	0	1	0	0	0	0	0	0	0	0	1	0	0	0	0	0	0	0	0	0
0	6.45	0	0	1	0	0	0	0	0	0	0	0	0	0	0	0	1	1	0	0	0	0
0	5.85	0	0	0	0	0	0	0	0	0	0	0	0	0	0	0	0	0	0	0	0	0
0	5.16	1	0	0	0	0	0	0	0	0	1	0	0	0	0	0	0	0	0	0	1	0
6.66	0	1	0	0	0	0	0	0	1	0	0	0	1	1	0	0	0	0	0	1	1	1
3.49	0	0	0	0	0	0	0	0	1	0	0	0	0	1	0	0	0	0	0	1	0	0
0	4.40	0	0	0	0	0	0	0	0	0	0	0	0	0	0	0	0	0	0	0	0	0
3.49	0	0	0	0	0	0	0	0	1	0	0	0	0	0	0	0	0	0	0	1	0	0
0	6.54	0	0	0	0	0	0	0	0	0	0	0	0	0	0	0	0	0	0	0	0	0
3.81	0	0	0	1	0	0	0	0	0	0	1	1	1	1	0	0	0	0	0	0	0	0
0	5.85	0	1	0	0	0	0	0	0	0	0	0	0	0	0	0	0	0	0	0	0	0
0	6.88	0	0	0	0	0	0	1	0	0	0	0	1	0	0	0	0	0	0	0	0	0
6.05	0	0	0	0	0	0	0	0	1	0	0	0	0	1	0	1	0	0	0	1	0	0
0	6.73	1	0	0	0	0	0	0	0	0	0	0	0	0	0	0	0	0	0	0	0	0
5.53	0	0	0	0	0	0	1	0	0	0	0	0	0	1	0	0	0	0	0	0	0	0
0	6.76	0	0	0	0	0	0	0	0	0	0	0	0	0	0	0	0	0	1	0	0	0
0	5.42	0	0	0	0	0	0	0	0	0	0	0	0	0	0	0	0	0	0	0	0	0
4.16	0	0	0	0	0	0	0	1	0	0	0	0	1	0	0	1	0	0	0	1	0	1
5.06	0	0	0	0	0	0	0	1	0	0	0	0	0	0	0	0	0	0	0	1	0	1
10	0	0	0	1	0	1	0	0	0	0	0	1	1	1	1	0	0	0	0	0	0	0
0	5.85	0	0	0	0	0	0	0	0	0	0	0	0	0	0	0	0	0	0	0	0	0
0	5.90	0	0	0	0	0	1	0	0	0	0	0	0	1	0	0	0	0	0	0	0	0
0	6.70	0	0	0	0	0	0	0	0	0	0	0	0	0	0	0	0	0	0	0	0	0
0	5.71	0	0	0	0	0	0	0	0	0	0	0	0	0	0	0	0	0	0	0	0	0
0	8.34	0	1	0	0	0	0	0	0	0	0	0	0	0	0	0	0	0	0	0	0	0
0	8.73	0	1	0	0	0	0	0	0	0	0	0	0	0	0	0	0	0	0	0	0	0
2.89	0	0	0	1	0	0	0	1	0	0	0	0	1	0	0	0	0	0	0	0	0	0
5.48	0	0	0	1	0	0	0	0	0	0	1	0	1	0	0	0	0	0	0	1	0	1
3.24	0	0	0	0	0	1	0	0	0	1	0	0	0	0	0	0	0	0	0	0	0	0
3.90	0	0	1	1	0	0	0	0	0	1	0	0	0	0	0	0	1	0	0	0	0	0
6.70	0	0	0	0	0	0	1	0	0	1	1	1	1	1	0	0	0	0	0	0	0	0
0	5.63	0	0	0	0	1	0	0	0	0	0	0	0	0	0	0	0	0	0	0	0	0
8.08	0	0	0	1	0	0	0	0	0	1	1	0	0	1	0	1	0	0	0	0	0	0
2.43	0	0	0	0	0	0	1	0	0	0	0	1	0	0	0	0	0	0	0	0	0	0
0	9.21	0	0	1	0	0	0	0	0	1	0	0	0	0	0	0	1	1	0	0	0	0
3.51	0	0	1	0	0	1	0	0	0	1	0	0	1	1	0	0	0	0	0	0	0	0
9.21	0	0	1	0	0	0	0	0	1	0	0	0	0	1	0	1	0	0	0	1	0	0
9.37	0	0	1	1	0	1	0	0	0	1	0	0	1	1	0	1	0	0	0	0	0	0
8.37	0	0	0	0	0	0	0	1	1	1	0	0	0	1	0	0	0	0	0	1	1	1
0	6.36	0	0	0	0	0	0	0	0	0	0	0	0	0	0	0	0	0	0	0	0	0
0	5.59	0	0	0	0	0	0	1	0	0	0	0	1	0	0	0	0	0	0	0	0	1
0	7.70	0	0	0	0	0	0	0	1	0	0	0	0	0	0	0	0	0	0	0	0	0
6.73	0	0	0	1	0	0	0	0	0	0	1	0	1	1	0	0	0	0	0	0	0	0
3.60	0	0	0	0	0	1	0	0	0	0	0	0	0	0	0	0	0	0	0	1	0	0
8.80	0	0	1	0	0	0	0	0	0	1	0	1	0	0	0	0	0	0	0	0	0	0
0	5.59	0	0	0	1	0	1	0	0	0	0	1	0	0	0	0	0	0	1	0	0	0
5.59	0	0	0	0	0	1	0	0	0	0	0	0	1	0	1	0	0	0	0	0	0	0
0	7.56	1	0	0	0	0	0	0	0	0	0	0	0	0	0	0	0	0	0	0	0	0
3.80	0	0	0	1	0	0	0	0	0	1	0	0	0	0	0	0	1	0	0	0	0	0
9.16	0	0	0	1	0	0	0	0	0	0	0	1	0	1	1	0	0	0	0	0	0	0
2.48	0	0	0	1	0	0	0	0	0	0	0	0	0	0	0	0	0	0	0	0	0	0
0	4.77	0	0	0	0	1	0	0	0	0	0	0	0	0	0	0	0	0	0	0	0	0
0	4.83	0	0	0	0	0	0	0	0	0	0	0	0	0	0	0	0	0	0	0	0	0
5.09	0	0	0	0	0	1	0	0	0	0	1	0	0	0	1	0	0	0	0	0	0	0
6.65	0	0	0	0	0	0	0	0	1	0	0	0	0	1	0	1	0	0	0	1	0	0
4.25	0	0	0	0	0	1	0	0	0	0	0	0	0	0	0	0	0	0	0	0	0	0
8.01	0	0	0	0	0	0	0	0	1	0	0	0	0	0	0	0	0	0	0	1	0	0
4.20	0	0	0	0	0	1	1	0	0	1	0	0	0	0	0	0	0	0	0	0	0	0
4.09	0	0	0	1	0	1	0	0	0	1	0	0	0	0	0	0	0	0	0	0	0	0
4.12	0	0	1	0	0	1	0	0	0	1	1	1	0	0	0	0	0	0	1	0	0	0
0	10	0	1	0	0	0	0	0	0	0	0	0	0	0	0	0	0	0	0	0	0	0
0	7.30	0	0	1	0	0	0	0	0	0	0	0	0	0	0	0	0	0	1	0	0	0
8.42	0	1	0	0	0	0	1	0	1	0	0	1	1	0	1	0	0	0	0	0	0	0
4.91	0	0	0	1	0	0	0	0	0	1	1	0	0	0	0	0	1	0	0	0	0	0
0	4.89	0	0	0	0	0	0	0	0	0	0	0	0	0	0	0	0	0	0	0	0	0
3.81	0	0	0	0	0	1	0	0	0	0	0	1	0	1	0	0	0	0	0	0	0	0
2.35	0	1	0	0	0	0	0	0	0	0	1	0	0	0	0	0	0	0	0	0	1	0
5.45	0	0	0	1	0	1	0	0	0	0	0	0	0	0	0	1	1	1	0	0	0	1
0	6.44	0	1	0	0	0	0	0	0	0	0	0	0	0	0	0	0	0	0	0	0	0
0	7.76	0	1	0	0	0	0	0	0	0	0	0	1	0	0	0	0	0	0	1	0	1
8.18	0	0	0	0	0	0	0	0	1	0	0	0	0	1	0	1	0	0	0	1	0	0
5.39	0	0	0	1	0	0	0	0	0	0	0	0	0	0	0	0	0	0	0	0	1	0
0	6.66	0	0	0	0	0	0	0	1	0	0	0	0	0	0	0	0	0	0	1	1	1
0	4.85	0	0	0	0	0	1	0	0	0	0	0	0	0	0	0	0	0	0	0	0	0
5.58	0	0	0	0	0	0	0	0	1	0	1	0	1	1	0	1	0	0	0	1	0	0
7.48	0	0	0	0	0	1	0	1	0	0	0	0	1	1	0	0	0	0	0	1	1	1
0	8.59	0	0	0	0	1	0	0	0	0	1	0	0	0	0	0	1	1	1	0	0	0
0	7.61	0	0	0	0	0	0	0	0	0	0	0	0	0	0	0	0	0	0	0	0	0
0	5.85	0	0	0	0	0	0	0	0	0	0	0	0	0	0	0	0	0	0	0	0	0
0	6.59	0	0	0	0	0	0	1	0	0	0	0	0	0	0	0	0	0	0	0	0	0
0	4.12	0	0	0	0	0	0	0	0	0	0	0	0	0	0	0	0	0	0	0	0	0
0	6.11	0	0	0	0	0	0	0	0	0	0	0	0	0	0	0	0	0	0	0	0	0
4.03	0	0	0	1	0	0	0	0	0	0	0	0	0	1	0	1	0	0	0	0	0	0
6.10	0	0	0	0	0	0	0	0	1	0	0	0	0	1	0	0	0	0	0	1	0	0
7.11	0	0	0	0	0	0	0	0	1	0	0	0	1	0	0	0	0	0	0	0	0	0
0	4.80	0	0	1	0	0	0	0	0	0	0	0	0	0	0	0	0	0	0	0	0	0
0	5.85	0	0	1	0	0	0	0	0	1	0	0	0	0	0	0	0	0	0	0	0	0
5.83	0	0	0	1	0	0	0	1	0	1	0	0	1	0	0	0	0	0	0	1	0	1
7.84	0	0	0	0	0	0	0	0	1	0	0	0	0	0	0	0	0	0	0	0	0	0
4.98	0	0	0	0	0	1	0	1	0	0	0	0	1	0	0	0	0	0	0	0	0	0
2.43	0	0	0	1	0	0	0	0	0	0	0	0	0	0	0	0	0	0	0	0	0	0
0	4.80	0	1	0	0	0	0	0	0	0	0	0	0	0	0	0	0	0	0	0	0	0
0	5.24	0	0	1	0	0	0	0	0	0	0	0	0	0	0	1	0	0	0	0	0	0
4.27	0	0	0	1	0	0	0	0	0	0	0	0	0	0	1	1	0	0	0	0	0	0
8.02	0	0	0	1	0	0	0	0	0	0	0	0	1	1	0	0	0	0	0	0	0	0
2.39	0	0	0	0	0	0	0	1	0	0	0	0	0	0	0	0	0	0	0	0	0	0
0	4.94	0	0	0	0	0	0	0	0	0	0	0	0	0	0	0	0	0	0	0	0	0
4.26	0	0	0	1	0	0	0	0	0	1	0	0	0	0	0	0	0	0	0	0	0	0
3.86	0	0	0	0	0	1	0	0	0	0	0	0	0	0	0	0	0	0	0	0	0	0
0	7.27	0	0	0	0	0	0	0	0	0	0	0	0	0	0	0	0	0	0	0	0	0
4.59	0	0	0	1	0	0	0	0	0	0	0	0	1	0	1	0	0	0	0	0	0	0
7.09	0	1	0	0	0	1	0	0	0	0	0	0	0	0	0	0	0	0	0	0	0	0
5.20	0	0	0	0	0	0	0	0	1	0	0	0	0	0	0	1	0	0	0	0	0	0
0	7.08	0	0	1	0	0	0	0	0	1	0	0	0	0	0	0	0	0	0	0	0	0
5.31	0	0	0	0	0	0	1	0	0	0	0	0	0	0	0	0	0	0	0	0	0	0
0	5.37	0	0	0	0	0	0	0	0	0	0	0	0	0	0	0	0	0	0	0	1	0
3.15	0	0	0	0	0	0	0	0	1	0	0	0	0	0	0	0	0	0	0	0	0	0
0	6.15	0	0	0	0	0	0	0	0	0	0	0	0	0	0	0	0	0	0	0	0	0
4.51	0	0	0	1	0	0	0	0	0	1	0	0	0	0	0	0	1	0	0	0	0	0
0	9.19	0	0	0	1	0	0	0	0	0	0	0	1	0	0	0	0	0	0	0	0	0
0	9.59	0	0	0	0	0	0	0	0	0	0	0	0	0	0	0	0	0	0	0	0	0
0	5.59	0	0	0	0	0	0	0	0	0	0	0	0	0	0	0	0	0	0	0	0	0
3.84	0	0	0	1	0	0	0	0	0	0	0	0	0	0	1	0	0	0	0	0	0	0
3.18	0	0	0	1	0	0	0	0	0	0	1	0	1	1	0	1	0	0	0	0	0	0
0	4.73	0	1	0	0	0	0	0	0	0	0	0	0	0	1	0	0	0	0	0	0	0
0	7.58	0	0	0	0	0	0	0	0	0	0	0	0	0	0	0	0	0	0	0	0	0
0	6.88	0	0	0	0	0	0	0	0	0	0	0	0	0	0	0	0	0	0	0	0	0
0	7.70	0	0	0	0	0	0	0	0	0	0	0	0	0	0	0	0	0	0	0	0	0
7.37	0	0	0	1	0	0	0	0	0	0	0	0	1	0	1	0	0	0	0	0	0	0
3.26	0	1	0	0	0	0	0	0	0	0	0	0	0	0	0	0	0	0	0	0	1	0
4.35	0	0	0	0	0	0	1	0	0	0	0	0	0	1	0	0	0	0	0	0	0	0
6.21	0	0	0	1	0	1	0	0	0	1	0	0	1	0	0	0	0	0	0	0	0	0
8.99	0	0	0	0	0	1	0	0	1	0	0	0	1	0	0	0	0	0	0	0	0	0
3.45	0	0	0	1	0	0	0	0	0	1	0	0	0	0	0	0	1	0	0	0	0	0
0	5.19	0	0	0	0	0	0	0	0	0	0	0	0	0	0	0	0	0	0	0	0	0
4.10	0	0	1	0	0	0	0	0	0	0	0	0	1	0	0	0	0	0	0	1	1	1
4.04	0	0	0	1	0	0	0	0	0	0	0	0	0	0	0	0	1	0	0	0	0	0
0	4.80	1	0	0	0	0	0	0	0	0	0	0	0	0	0	0	0	0	0	0	0	0
0	9.32	0	0	0	0	1	0	0	0	0	1	0	0	0	0	1	0	0	0	0	0	0
7.01	0	0	0	0	0	1	0	0	0	0	0	0	0	0	0	0	0	0	0	0	0	0
3.09	0	1	0	0	0	0	0	0	0	0	0	0	0	0	0	0	0	0	0	0	0	0
5.87	0	0	1	0	0	0	0	0	0	0	0	0	1	0	0	0	0	0	0	0	0	0
0	5.94	0	1	0	0	0	0	0	0	0	1	0	0	0	0	0	0	0	0	0	0	0
9.54	0	0	1	0	0	0	0	0	0	0	0	0	0	0	1	0	0	0	0	0	0	0
6.50	0	1	0	0	0	0	0	0	0	0	0	0	1	0	0	0	0	0	0	1	1	0
5.03	0	0	0	0	0	1	1	0	0	0	0	1	1	0	0	1	0	0	0	0	0	0
4.85	0	0	0	0	0	1	0	0	0	0	1	0	0	0	0	0	1	1	0	0	0	0
5.57	0	0	0	1	0	0	0	0	0	1	0	0	0	0	0	0	1	1	0	0	0	0
0	5.64	0	0	0	0	0	0	0	0	0	0	0	0	0	0	0	0	0	0	0	0	0
0	6.51	0	0	0	0	0	0	0	0	0	0	0	0	0	0	0	0	1	0	0	0	0
3.52	0	0	0	0	0	1	0	0	0	1	1	0	0	0	0	0	1	0	0	0	0	0
4.74	0	0	0	1	0	0	0	0	0	1	0	0	0	0	0	0	0	0	0	0	0	0
5.54	0	0	0	1	0	1	0	0	0	0	1	1	0	0	0	0	1	1	0	0	1	0
0	5.09	0	0	0	0	0	0	0	0	0	0	0	0	0	0	0	0	0	0	0	0	0
7.00	0	0	0	0	0	1	0	0	0	0	0	0	0	1	0	0	0	0	0	0	0	0
5.63	0	0	0	1	0	1	0	0	0	0	0	1	1	0	0	0	0	0	0	0	0	0
0	6.13	0	0	0	0	0	0	0	0	0	0	0	0	0	0	0	0	0	0	0	0	0
0	10	0	0	0	0	0	0	0	0	0	0	0	0	0	0	0	0	0	0	0	0	0
0	8.87	0	0	0	0	0	0	0	0	0	0	0	0	0	0	0	0	0	0	0	0	0
0	10	0	0	0	0	0	0	0	0	0	0	0	0	0	0	0	0	0	0	0	0	0
0	4.50	0	0	0	0	0	0	0	1	0	0	0	0	0	0	0	0	0	0	0	0	0
0	6.72	0	0	0	0	0	0	0	0	0	0	0	0	0	0	0	0	1	0	0	0	0
0	4.80	0	0	0	0	0	0	0	0	0	0	0	0	0	0	0	0	0	0	0	0	0
5.16	0	0	0	0	0	0	1	0	0	0	0	1	1	0	0	1	0	0	0	0	0	0
7.85	0	1	0	1	0	0	0	0	0	0	0	0	0	1	0	0	0	0	0	0	0	0
0	8.27	0	0	0	0	0	0	0	0	0	0	0	0	0	0	0	0	1	0	0	0	0
0	6.28	0	0	0	0	0	0	0	0	0	0	0	0	0	0	0	0	0	0	0	0	0
3.02	0	0	0	1	0	0	0	0	0	0	1	1	1	0	0	0	0	0	0	0	0	0
0	6.17	1	0	0	0	0	0	0	0	0	0	0	0	0	0	1	0	0	0	0	0	0
5.51	0	0	0	0	0	0	0	0	1	0	0	0	0	0	0	0	0	0	0	1	0	0
6.93	0	0	0	0	0	1	0	0	1	0	0	0	0	0	0	0	0	0	0	0	0	0
0	6.88	0	1	0	1	0	0	0	0	0	0	1	0	0	1	0	0	0	1	0	0	0
3.67	0	0	0	1	0	0	0	1	0	0	0	0	0	0	0	0	0	0	0	0	0	0
7.11	0	0	0	1	0	0	0	0	0	0	0	0	0	0	0	0	0	0	0	0	0	0
3.46	0	0	1	0	0	0	0	0	0	0	0	0	1	0	0	0	0	0	0	0	0	0
7.80	0	1	0	0	0	0	0	0	0	0	1	0	1	1	0	0	0	0	0	0	0	0
0	5.60	0	0	0	0	0	0	0	0	0	0	0	0	0	0	0	0	0	0	0	0	0
0	5.63	0	0	0	0	0	0	0	0	0	0	0	0	0	0	0	0	0	0	0	0	0
0	5.96	0	0	0	0	0	0	0	0	0	0	0	0	0	0	0	0	0	0	0	0	0
0	4.12	0	0	1	0	0	0	0	0	1	0	0	1	0	0	0	0	0	0	0	0	0
0	7.36	0	0	0	0	0	0	0	0	0	0	0	0	0	0	0	0	0	0	0	0	0
7.88	0	0	0	1	0	1	0	0	0	0	0	1	1	0	0	0	0	0	0	0	0	0
0	4.94	0	0	0	0	1	0	0	0	0	1	0	0	0	0	1	0	0	0	0	1	0
0	4.84	0	0	1	0	0	0	0	0	0	0	0	0	0	0	0	0	0	0	0	0	0
10	0	1	0	0	0	0	0	0	1	0	0	0	0	1	0	0	0	0	1	1	1	1
8.54	0	0	0	0	0	0	1	1	0	1	0	0	1	0	0	0	0	0	0	0	0	0
5.25	0	0	0	1	0	0	0	0	0	1	0	0	0	0	0	0	0	0	0	0	0	0
2.17	0	0	0	1	0	0	0	0	0	0	0	0	0	0	0	0	0	0	0	0	0	0
0	5.84	0	0	0	0	0	0	0	0	0	0	0	0	0	0	0	0	0	0	0	0	0
0	6.30	0	0	0	0	0	0	0	0	0	0	0	0	0	0	0	0	0	0	0	0	0
0	6.54	0	0	0	0	1	0	0	0	0	1	0	0	0	0	0	0	0	0	0	0	0
4.98	0	0	1	0	0	1	0	1	0	0	0	1	1	0	1	0	0	0	0	0	0	0
0	7.86	0	0	0	0	1	0	0	0	0	0	0	0	0	0	0	0	0	0	0	0	0
0	6.22	0	0	0	0	1	0	1	0	0	1	0	1	0	0	0	0	0	0	0	0	0
0	4.50	0	0	0	0	0	0	0	0	0	0	0	0	0	0	0	0	1	0	0	0	0
3.06	0	0	0	1	0	0	0	0	0	0	0	0	0	0	0	1	0	0	0	0	0	0
0	4.75	0	0	0	0	0	0	0	0	0	0	0	0	0	0	0	0	0	0	0	0	0
0	7.07	0	0	0	0	0	0	0	0	0	0	0	0	0	0	0	0	0	0	0	0	0
0	5.44	0	0	0	0	0	0	0	0	0	0	0	0	0	0	0	0	1	0	0	0	0
0	8.40	0	0	0	0	0	0	0	1	0	0	0	0	0	0	1	0	0	1	1	0	0
4.28	0	0	0	0	0	0	1	0	0	0	1	0	0	0	0	0	0	0	0	0	0	0
0	5.27	0	0	0	0	0	0	0	0	0	0	0	0	0	0	0	0	0	0	0	0	0
2.92	0	0	0	1	0	0	0	0	0	0	0	0	1	0	0	0	0	0	0	1	0	0
4.10	0	0	0	1	0	0	0	0	1	0	0	1	0	1	0	1	0	0	0	0	0	0
5.04	0	0	0	1	0	0	0	0	0	1	0	1	0	0	1	0	0	0	0	0	0	0
0	4.86	0	0	0	0	1	0	0	0	0	0	0	0	0	0	0	0	0	0	0	0	0
0	5.32	0	0	1	0	0	0	0	0	0	0	0	0	0	0	0	0	0	1	0	0	0
0	5.16	0	0	0	0	0	0	1	0	0	0	0	0	0	0	0	0	0	0	0	0	1
8.54	0	0	0	1	0	0	0	0	0	0	0	0	0	0	1	0	0	0	0	0	0	0
8.69	0	0	0	1	0	0	1	0	0	0	0	0	0	0	1	0	0	0	0	0	0	0
0	8.27	0	0	1	0	0	0	0	0	0	0	0	1	1	0	0	0	0	0	0	0	0
0	4.80	0	0	1	0	0	0	0	0	0	0	0	0	0	0	0	0	0	0	0	0	0
0	6.47	0	0	0	0	0	0	0	0	0	1	0	0	0	0	0	0	0	0	0	0	0
2.34	0	0	1	0	0	0	0	0	0	0	1	0	0	0	0	0	0	0	0	0	0	0
4.07	0	0	0	1	0	0	0	0	0	0	0	0	0	0	0	0	0	0	0	0	0	0
6.51	0	0	0	1	0	0	0	0	0	0	0	0	0	0	1	0	0	0	0	0	0	0
5.97	0	0	0	0	0	0	0	0	1	0	0	0	0	1	0	1	0	0	0	1	0	1
5.85	0	0	1	0	0	0	0	0	0	0	0	0	1	0	0	0	0	0	0	0	0	0
0	6.81	0	0	0	0	0	0	0	1	0	0	0	0	1	0	0	0	0	0	1	0	0
4.15	0	1	0	0	0	0	0	0	0	0	0	0	0	0	0	0	0	0	0	0	0	0
3.46	0	0	1	0	0	0	0	0	0	0	1	0	0	0	0	0	0	0	0	0	0	0
0	5.70	0	0	0	0	0	0	0	0	0	0	0	0	0	0	0	0	0	0	0	0	0
0	6.82	0	0	0	0	1	0	0	0	0	1	0	0	0	0	0	0	1	0	0	0	0
5.87	0	0	0	0	0	1	0	0	0	0	0	1	1	0	0	0	0	0	0	0	0	0
0	7.88	0	0	0	0	0	0	1	0	0	0	0	0	0	0	0	0	0	0	0	0	0
0	6.39	0	0	0	0	0	0	1	0	0	0	0	0	0	0	0	0	0	0	0	0	0
4.48	0	0	0	1	0	0	0	0	0	1	0	0	0	0	0	0	1	1	0	0	0	1
0	6.32	0	0	0	0	0	0	0	0	0	1	0	0	0	0	0	0	0	0	0	0	0
3.78	0	0	0	0	0	1	0	0	0	1	0	0	0	0	0	0	0	0	0	0	0	0
3.74	0	0	0	0	0	0	0	0	1	0	0	0	0	1	0	0	0	0	1	1	0	0
3.16	0	0	0	0	0	0	0	1	0	0	0	0	0	0	0	0	0	0	0	0	0	0
3.93	0	0	0	0	0	0	0	0	0	0	0	0	0	0	0	0	0	0	0	0	0	0
1.83	0	0	0	0	0	0	0	0	0	0	0	0	0	0	0	0	0	0	0	0	0	0
3.00	0	0	0	1	0	0	0	0	0	0	0	0	0	0	0	0	0	0	0	0	0	0
2.74	0	0	0	1	0	0	0	0	0	1	0	0	0	0	0	0	0	0	0	0	0	0
2.83	0	0	1	0	0	0	0	0	0	0	0	0	0	1	0	0	0	0	0	0	0	0
4.11	0	0	0	0	0	0	0	1	0	0	0	0	1	1	0	0	0	0	0	0	0	0
4.09	0	0	0	1	0	0	0	0	0	0	0	1	0	1	1	0	0	0	0	0	0	0
0	5.63	0	0	0	0	0	0	0	0	0	0	0	0	0	0	0	0	0	0	0	0	0
0	5.89	0	0	0	0	0	0	0	0	0	0	0	0	0	0	0	0	0	0	0	0	0
8.62	0	0	1	1	0	0	0	0	1	1	1	0	1	0	1	0	0	0	0	0	0	0
3.31	0	0	0	0	0	0	1	0	0	0	0	1	1	0	0	1	0	0	0	0	0	0
6.46	0	0	0	1	0	0	1	0	0	0	1	0	1	1	0	0	0	0	0	0	0	0
0	5.45	0	0	0	0	0	1	0	0	0	0	1	0	0	0	0	0	0	1	0	0	0
0	7.54	0	0	1	0	0	0	0	0	1	0	0	0	0	0	0	0	0	0	0	0	0
0	6.00	0	0	0	0	0	0	0	0	0	0	0	0	0	0	0	0	0	0	0	0	0
0	4.33	0	0	0	0	0	0	0	0	0	0	0	0	0	0	0	0	0	0	0	0	0
5.31	0	0	0	1	0	0	0	0	0	1	0	0	0	1	0	0	0	0	0	0	0	0
5.55	0	0	0	0	0	1	0	0	0	1	1	1	1	1	0	0	0	0	0	0	0	0
4.38	0	0	1	0	0	0	0	0	0	0	0	1	0	0	1	0	0	0	0	0	0	0
0	5.78	0	0	0	0	0	0	0	0	0	0	0	0	0	0	0	0	0	0	0	0	0
0	6.87	0	0	0	0	0	0	1	0	0	0	0	0	0	0	0	0	0	0	0	0	0
6.37	0	0	1	0	0	0	0	0	0	0	0	0	0	0	0	0	0	0	0	0	0	0
0	7.12	0	0	0	0	0	0	0	0	1	0	0	0	0	0	0	0	0	0	0	0	0
5.50	0	0	0	0	0	0	0	0	1	0	1	0	1	1	0	1	0	0	0	0	0	0
6.88	0	0	0	0	0	1	0	0	0	0	0	0	0	0	0	0	1	1	0	0	0	1
3.07	0	0	0	1	0	1	0	0	0	0	1	0	0	0	0	0	0	0	0	0	0	0
0	5.01	1	0	0	0	0	0	0	0	0	0	0	0	0	0	0	0	0	0	0	1	0
3.89	0	0	0	0	1	0	0	1	0	0	0	0	1	0	1	0	0	0	0	0	0	0
3.40	0	0	0	1	0	0	0	0	0	0	0	0	0	0	0	0	0	0	0	0	0	0
0	5.09	0	0	0	0	0	0	0	0	0	0	0	0	0	0	0	0	0	0	0	0	0
4.62	0	0	0	1	0	0	0	0	0	0	0	0	0	0	0	0	1	1	0	0	0	0
6.96	0	0	0	1	0	0	0	0	0	0	0	0	1	0	1	0	0	0	0	0	0	0
0	7.17	0	0	0	0	0	1	0	0	0	0	1	0	0	0	0	0	0	1	0	0	0
4.68	0	0	0	0	0	0	0	0	1	0	0	0	0	0	0	0	0	0	0	1	0	0
0	6.68	0	0	0	0	0	0	0	0	0	0	0	0	0	0	0	0	0	0	0	0	0
5.44	0	0	1	0	0	1	0	0	0	0	0	0	0	1	0	0	0	0	0	0	0	0
4.42	0	0	0	0	0	0	0	1	1	0	0	0	0	1	0	0	0	0	0	0	0	0
0	5.94	1	0	0	0	0	0	0	0	0	0	0	0	0	0	1	0	0	0	0	1	0
4.62	0	0	0	1	0	0	0	0	0	0	0	0	0	0	0	0	1	0	0	0	0	0
0	5.85	0	0	1	0	0	0	0	0	1	0	0	0	0	0	0	1	0	0	0	0	0
0	8.54	0	0	0	0	1	0	0	0	0	0	1	0	0	0	0	0	0	0	0	0	0
9.34	0	0	0	1	0	1	0	0	0	1	0	1	1	0	0	0	0	0	0	0	0	0
3.16	0	0	0	1	0	0	0	0	0	0	0	0	0	0	0	0	0	0	0	0	0	0
0	4.83	0	0	0	0	0	0	0	0	0	0	0	0	0	0	0	0	1	0	0	0	0
8.83	0	1	0	0	0	0	1	0	0	0	0	0	1	1	1	0	0	0	0	0	0	0
10	0	0	1	0	0	1	0	0	0	0	1	1	1	0	0	0	0	0	0	0	0	0
0	8.71	0	0	0	0	1	0	0	0	0	0	0	0	0	0	0	0	0	0	0	0	0
0	2.50	0	0	0	0	0	0	1	0	0	0	0	0	0	0	0	0	0	0	0	0	0
0	4.80	0	0	0	0	0	0	0	0	0	0	0	0	0	0	0	0	1	0	0	0	0
0	7.00	0	0	0	0	0	0	0	0	0	0	0	0	0	0	0	0	1	0	0	0	0
4.34	0	0	0	1	0	1	0	0	0	0	0	0	1	1	0	0	0	0	0	0	0	0
3.43	0	0	1	0	0	0	0	0	0	1	1	0	1	0	0	0	0	0	0	0	0	0
4.36	0	0	0	0	0	0	1	0	0	0	0	0	0	0	0	0	0	0	0	0	0	0
0	10	0	0	0	0	1	0	0	0	0	0	0	0	0	0	0	0	0	0	0	0	0
7.09	0	0	0	0	0	0	0	0	1	0	0	0	0	1	0	1	0	0	0	0	0	0
2.22	0	0	0	0	0	0	0	0	0	0	0	0	0	0	0	0	0	0	0	0	0	0
7.40	0	0	0	1	0	0	0	0	1	0	0	1	0	1	0	0	0	0	0	0	0	0
0	7.31	0	0	1	0	0	0	0	0	1	0	0	0	0	0	0	1	0	0	0	0	0
5.27	0	0	0	0	0	0	0	0	1	0	0	0	0	0	0	0	0	0	0	0	0	0
7.19	0	0	0	1	0	0	0	0	1	0	0	0	0	0	0	0	0	0	0	1	0	0
7.83	0	0	0	1	0	1	0	0	0	0	0	0	1	0	1	1	0	0	0	0	0	0
0	6.03	1	0	0	0	0	0	0	0	0	0	0	0	0	0	0	0	0	0	1	1	1
6.07	0	0	0	0	0	0	0	0	1	0	0	0	0	0	0	0	0	0	0	1	0	0
3.34	0	0	0	0	0	1	0	0	0	0	0	0	0	0	0	0	1	1	0	0	0	0
6.52	0	0	0	1	0	0	0	0	0	0	0	1	1	0	0	0	0	0	0	0	0	0
0	4.80	0	0	1	0	0	0	0	0	0	0	0	0	0	0	0	0	0	0	0	0	0
6.92	0	0	0	0	0	0	0	0	1	0	0	0	0	1	0	1	0	0	0	1	0	0
4.55	0	1	0	0	0	0	0	0	0	1	0	0	0	0	0	0	1	1	0	0	1	0
0	6.47	0	0	0	0	0	0	0	0	0	0	0	0	0	0	0	0	0	0	0	0	0
3.56	0	0	0	0	0	1	0	0	0	1	0	0	0	0	0	0	0	0	0	0	0	0
4.08	0	0	0	0	0	1	0	0	0	0	0	0	0	0	0	0	0	0	0	0	0	0
7.50	0	0	0	1	0	0	0	0	1	0	0	0	0	0	0	0	0	0	0	1	0	0
4.02	0	0	0	0	0	0	0	0	1	1	0	0	0	1	0	0	0	0	0	1	0	0
3.34	0	0	0	0	0	1	0	0	0	0	1	0	0	0	0	0	0	0	0	0	0	0
3.81	0	0	1	0	0	0	0	0	0	0	0	0	0	1	0	0	0	0	0	0	0	0
0	5.89	0	1	0	0	0	0	0	0	0	0	0	0	0	0	0	0	0	0	0	0	0
0	5.52	0	0	0	0	1	0	0	0	0	0	0	0	0	0	0	0	0	0	0	0	0
0	8.86	0	0	1	0	1	0	0	0	0	0	0	0	0	0	0	0	0	0	0	0	0
3.02	0	0	0	1	0	0	0	0	0	1	0	0	0	0	0	0	1	0	0	0	0	0
4.60	0	0	0	1	0	1	0	0	0	0	0	0	0	0	0	0	1	1	0	0	0	0
0	7.62	0	0	0	0	0	0	1	0	0	0	0	0	0	0	0	0	0	0	0	0	0
5.87	0	0	0	1	0	0	0	0	0	1	1	0	1	1	0	1	0	0	0	0	0	0
3.12	0	0	0	0	0	0	0	0	0	0	0	0	0	0	0	0	0	0	0	0	0	0
0	7.18	0	0	0	0	0	1	0	0	0	0	0	0	0	0	0	0	0	0	0	0	0
0	7.06	0	0	0	0	0	1	0	0	0	0	1	0	0	0	0	0	0	1	0	0	0
0	5.19	1	0	0	0	0	0	0	0	0	0	0	0	0	0	0	0	0	0	0	1	0
0	7.49	0	1	0	0	0	0	0	0	0	0	0	0	0	0	0	0	0	0	0	0	0
0	6.32	0	1	0	0	0	0	0	0	0	0	0	0	0	0	0	0	0	0	0	0	0
0	6.75	0	0	0	0	0	0	0	0	1	0	0	0	0	0	0	0	0	0	0	0	0
0	8.22	0	0	1	0	0	0	0	0	0	0	0	0	0	0	0	0	0	0	0	0	0
0	8.07	0	0	0	0	0	0	0	0	0	0	0	0	0	0	0	0	0	0	1	0	1
0	8.26	0	0	0	0	0	1	0	0	0	0	0	0	0	0	0	0	0	0	0	0	0
0	6.94	0	1	0	0	0	0	0	0	0	0	0	0	0	0	0	0	0	0	0	0	0
0	5.96	0	0	0	0	0	1	0	0	0	0	1	0	0	0	0	0	0	1	0	0	0
0	6.88	0	0	0	0	0	0	0	1	0	0	0	0	0	0	0	0	0	0	0	0	0
0	8.93	0	0	0	0	0	0	0	0	0	0	0	0	0	0	0	0	0	0	0	0	0
0	6.15	0	0	0	0	0	1	0	0	0	0	0	0	0	0	0	0	0	0	0	0	0
0	6.58	0	0	0	0	0	1	0	0	0	0	1	0	0	0	0	0	0	1	0	0	0
0	8.00	0	0	1	0	0	0	0	0	0	0	0	0	0	0	0	0	0	0	0	0	0
0	7.15	0	0	1	0	0	0	0	0	0	0	0	0	0	0	0	0	0	0	0	0	0
0	6.41	0	0	0	0	0	0	0	0	0	0	0	0	0	0	0	0	1	0	0	0	0
0	6.28	0	0	0	0	0	0	1	0	1	0	0	1	0	0	0	0	0	0	0	0	0
0	8.77	0	0	0	0	0	0	0	0	0	0	0	0	0	0	0	0	1	0	0	0	0
0	7.10	0	0	0	0	0	0	0	0	0	0	0	0	0	0	0	0	1	0	0	0	0
0	6.98	0	0	1	0	0	0	0	0	0	0	0	0	0	0	0	0	0	0	0	0	0
0	6.46	0	0	0	0	0	0	0	0	0	0	0	0	0	0	0	0	0	0	0	0	0
0	8.28	0	0	0	0	0	0	0	0	0	0	0	0	0	0	0	0	0	0	0	0	0
0	6.98	0	0	0	0	0	1	0	0	0	0	0	0	0	0	0	0	0	0	0	0	0
0	6.49	0	0	0	0	0	1	0	0	0	0	0	0	0	0	0	0	0	0	0	0	0
0	6.97	0	0	1	0	0	0	0	0	0	0	0	0	0	0	0	0	1	0	0	0	0
0	6.71	0	0	0	0	0	0	0	0	0	0	0	0	0	0	0	0	0	0	1	0	0
0	6.81	0	1	0	0	0	0	0	0	0	0	0	0	0	0	0	0	0	0	0	0	0
0	6.98	0	0	0	0	0	1	0	0	0	0	0	0	0	0	0	0	0	0	0	0	0
0	8.56	0	0	0	0	0	0	0	0	0	0	0	0	0	0	0	0	0	0	0	0	0
0	6.05	0	0	1	0	0	0	0	0	0	0	0	0	0	0	0	1	1	0	0	0	1
0	7.48	0	0	0	0	0	0	0	0	0	0	0	0	0	0	0	0	0	0	0	0	0
0	6.60	0	0	0	0	0	0	0	0	0	0	0	0	0	0	0	0	0	0	0	0	0
0	8.22	0	0	0	0	0	0	0	0	0	0	0	0	0	0	0	0	0	0	0	0	0
4.92	0	0	0	0	0	1	0	0	0	0	1	0	1	0	0	0	0	0	0	0	0	0
0	7.81	0	0	1	0	0	0	0	0	0	0	0	0	0	0	0	0	0	0	0	0	0
10	0	0	0	0	1	0	0	0	0	0	1	1	0	1	0	1	0	0	0	0	0	0
0	6.75	0	0	0	1	0	0	0	0	0	0	1	0	0	0	0	0	0	0	0	0	0
0	7.54	0	0	0	0	0	1	0	0	0	0	1	0	0	0	0	0	0	1	0	0	0
0	7.17	0	0	0	0	0	0	0	0	0	0	0	0	0	0	0	0	0	0	0	0	0
0	8.73	0	0	0	0	0	0	0	0	0	0	0	0	0	0	0	0	0	0	0	0	0
0	6.03	0	0	0	0	0	0	0	0	1	0	0	0	0	0	0	1	0	0	0	0	0
0	5.75	0	1	0	0	0	1	0	0	0	0	1	0	0	0	0	0	0	1	0	0	0
3.58	0	0	1	0	0	0	0	0	0	0	0	1	0	0	1	0	0	0	0	0	0	0
0	6.83	0	1	0	0	0	0	0	0	0	0	0	0	0	0	0	0	0	0	0	0	0
3.68	0	0	0	0	0	0	0	0	1	0	0	0	0	0	0	0	0	0	0	1	0	1
0	6.03	0	0	0	0	0	0	0	0	0	0	0	0	0	0	0	0	0	0	0	0	0
2.77	0	1	0	0	0	0	0	0	0	0	0	1	0	0	0	0	0	0	1	0	1	0
0	5.98	0	0	0	0	0	0	0	0	0	0	0	0	0	0	0	0	0	0	0	1	0
0	7.54	0	0	0	0	0	0	0	0	0	0	0	0	0	0	0	0	0	0	0	0	0
0	7.64	0	0	0	0	0	0	0	0	0	0	0	0	0	0	0	0	0	0	0	0	0
0	6.81	0	0	0	0	0	0	0	0	0	0	0	0	0	0	0	0	0	0	0	0	0
0	5.90	0	0	0	0	0	0	0	0	0	0	0	0	0	0	0	0	0	0	0	0	0
0	6.05	0	1	0	0	0	0	1	0	0	0	1	1	0	1	0	0	0	1	0	1	0
0	8.95	1	0	0	0	0	0	0	0	0	0	0	0	0	0	0	0	0	0	0	0	0
0	4.86	0	1	0	0	0	0	0	0	0	0	1	0	0	1	1	0	0	0	0	0	0
0	7.17	0	1	0	0	0	0	0	0	0	0	0	0	0	0	0	0	0	0	0	0	0
0	6.44	0	0	0	0	0	0	0	0	0	0	0	0	0	0	0	0	0	0	1	1	0
0	7.22	0	0	0	0	0	0	0	0	0	0	0	0	0	0	0	0	0	0	0	0	0
0	7.88	0	0	0	0	0	1	0	0	0	0	1	0	0	0	0	0	0	1	0	0	0
0	5.02	0	0	0	0	0	0	0	0	0	0	0	0	0	0	0	0	0	0	0	0	0
0	7.22	0	0	0	0	0	0	0	0	1	0	0	0	0	0	0	0	0	0	0	0	0
0	7.46	0	0	0	0	0	0	0	0	0	0	0	0	0	0	0	0	1	0	0	0	0
0	9.23	0	0	1	0	0	0	0	0	0	0	0	0	0	0	0	0	0	0	0	0	0
0	8.86	0	0	0	0	0	0	0	0	0	0	0	0	0	0	0	0	0	0	0	0	0
0	4.84	0	0	0	0	0	0	0	0	0	0	0	0	0	0	0	0	0	0	0	0	0
0	5.87	0	0	0	0	0	0	0	0	0	0	0	0	0	0	0	0	0	0	0	0	0
0	6.28	0	0	0	0	0	0	1	0	0	0	0	0	0	0	0	0	0	0	0	0	1
0	6.81	0	0	1	0	0	0	0	0	0	0	0	0	0	0	0	0	0	0	0	0	0
0	6.32	0	1	0	0	0	0	0	0	0	0	0	0	0	0	0	0	0	0	0	0	0
0	6.93	0	0	1	0	0	0	0	0	0	0	0	0	0	0	0	0	0	0	0	0	0
0	6.06	0	0	0	0	1	0	0	0	0	0	0	0	0	0	0	1	1	0	0	0	1
0	6.88	0	0	0	0	0	1	0	0	0	0	0	0	0	0	0	0	0	1	0	1	0
0	8.88	0	0	0	0	0	0	0	0	0	0	0	0	0	0	0	0	0	0	0	0	0
0	6.81	0	0	0	0	0	0	0	0	0	0	0	0	0	0	0	0	0	0	0	0	0
0	9.61	0	0	0	0	1	0	0	0	0	0	0	0	0	0	1	0	0	0	0	0	0
0	6.81	0	0	0	0	0	0	0	0	0	0	0	0	0	0	0	0	0	0	0	0	0
0	5.66	0	0	0	0	0	0	0	0	0	0	0	0	0	0	0	0	0	0	0	0	0
0	8.63	0	0	0	0	0	0	0	0	0	0	0	0	0	0	0	0	0	0	0	0	0
0	6.45	0	0	0	0	0	1	0	0	0	0	0	0	0	0	0	0	0	0	0	0	0
0	9.81	0	0	0	0	0	0	0	0	0	0	0	0	0	0	0	0	0	0	0	0	0
0	5.94	0	0	0	0	0	0	0	0	0	0	0	0	0	0	0	0	0	0	0	0	0
0	7.27	0	0	0	0	0	1	0	0	0	0	0	0	0	0	0	0	0	0	0	0	0
0	6.06	0	0	0	0	0	0	1	0	0	0	0	0	0	0	0	0	0	0	0	0	0
0	7.28	1	0	1	0	0	0	0	0	0	0	0	0	0	0	0	0	0	0	0	0	0
0	7.03	1	0	0	0	0	0	0	0	0	0	0	0	0	0	0	0	0	1	0	1	0
0	6.08	0	0	0	0	0	1	0	0	0	0	0	0	0	0	0	0	0	0	0	0	0
0	7.27	0	0	0	0	1	0	0	0	0	0	0	0	0	0	0	1	0	0	0	0	0
0	7.15	0	0	0	0	0	0	0	1	0	0	0	0	0	0	0	0	0	0	0	0	0
0	7.96	0	0	1	0	0	0	0	0	0	0	0	0	0	0	0	0	0	0	0	0	0
0	7.88	0	0	0	0	0	0	0	0	0	0	0	0	0	0	0	0	0	0	0	0	0
0	5.47	0	0	0	0	0	0	0	0	0	0	0	0	0	0	0	0	0	0	0	0	0
0	7.54	0	0	0	0	0	1	0	0	0	0	0	0	0	0	0	0	0	0	0	0	0
0	5.24	0	0	0	0	1	0	0	0	0	0	0	1	0	0	0	0	0	0	0	0	0
0	8.29	0	0	0	0	0	0	0	0	0	0	0	0	0	0	0	0	0	0	0	0	0
0	6.27	0	0	0	0	0	1	0	0	0	0	0	0	0	0	0	0	0	1	0	0	0
0	8.40	0	0	1	0	0	0	0	0	0	0	0	0	0	0	0	1	0	0	0	0	0
0	5.26	0	0	1	0	0	0	0	0	0	0	0	0	0	0	0	1	0	0	0	0	0
0	4.86	0	0	1	0	0	0	0	0	0	0	1	1	0	1	0	0	0	0	0	0	0
0	7.61	0	0	0	0	0	1	0	0	0	0	0	0	0	0	0	0	0	0	0	0	0
0	7.88	0	0	1	0	0	0	1	0	0	1	0	0	0	0	0	0	0	0	0	0	0
0	6.60	0	0	0	0	1	0	0	0	0	0	0	0	0	0	0	0	0	0	0	0	0
0	4.45	0	0	1	0	0	0	0	0	0	0	0	0	0	0	0	1	0	0	0	0	0
0	7.21	1	0	0	0	0	0	0	0	0	0	0	0	0	0	0	0	0	0	0	1	0
0	5.90	1	0	0	0	0	0	0	0	0	0	0	1	0	0	1	0	0	0	0	0	0
0	6.32	0	0	0	0	0	0	1	0	0	0	0	0	0	0	0	0	0	0	0	0	0
0	4.82	0	0	0	0	0	1	0	0	1	0	1	0	0	0	0	0	0	0	0	0	0
2.36	0	0	0	0	0	0	0	0	1	0	0	0	1	0	0	0	0	0	0	1	0	0
0	4.45	0	0	1	0	0	0	0	0	1	0	0	0	0	0	0	1	0	0	0	0	0
0	5.94	0	0	0	0	0	0	0	0	0	0	0	0	0	0	0	0	1	0	0	0	0
0	7.06	0	0	0	0	0	0	0	0	0	0	0	0	0	0	0	0	0	0	0	0	0
